00100010000000000000000011350000000179164710005000000003762459
00100011000000000000000013290000000065924950005000000001384424
00600010000000000000000017850000000119319520005000000002505710
08200010000000000000000232170000000006885950005000000000144605
00100010000000000000000008980000000253016480005000000005313346
00100011000000000000000013360000000008214810005000000000172511
00600010000000000000000747130000000161253330005000000003386320
08200010000000000000000232510000000006273570005000000000131745
00100010000000000000000000020000000272835050005000000005729536
00100011000000000000000013370000000017580190005000000000369184
00600010000000000000000749490000000157679100005000000003311261
00300011000000000000000000580000000001896710005000000000039831
08200010000000000000000232880000000005597520005000000000117548
00100010000000000000000000020000000221729620005000000004656322
00100011000000000000000013390000003265689290005000000068579475
00600010000000000000000751840000000176576290005000000003708102
08200010000000000000000233220000000007426430005000000000155955
00100010000000000000000008990000000111205240005000000002335310
00100011000000000000000013420000000014994810005000000000314891
00600010000000000000000017980000000169839860005000000003566637
08200010000000000000000233580000000004106620005000000000086239
00100010000000000000000011470000000097141670005000000002039975
00100020000000000000000000650000000727697520005000000015281648
00600010000000000000000120980000000087478000005000000001837038
08200010000000000000000233850000000000628100005000000000013190
00100010000000000000000000020000000163782620005000000003439435
00100011000000000000000013430000000218741520005000000004593572
00600010000000000000000757010000000126704810005000000002660801
08200010000000000000000233870000000006872100005000000000144314
00100010000000000000000000020000000188299620005000000003954292
00100011000000000000000013500000000369428900005000000007758007
00600010000000000000000018130000000171686670005000000003605420
08200010000000000000000234250000000006932240005000000000145577
00100010000000000000000011530000000276755710005000000005811870
00100011000000000000000013620000001057564050005000000022208845
00600010000000000000000761710000000143405670005000000003011519
00300011000000000000000000590000000298256900005000000006263395
08200010000000000000000234660000000005969190005000000000125353
00100010000000000000000009000000000209312430005000000004395561
00100011000000000000000013640000000926160050005000000019449361
00600010000000000000000018180000000132120100005000000002774522
08200010000000000000000234980000000006150620005000000000129163
00100010000000000000000000020000000199101290005000000004181127
00600010000000000000000018200000000203361810005000000004270598
08200010000000000000000235280000000007737620005000000000162490
00100010000000000000000000020000000183270100005000000003848672
00100011000000000000000013670000000055250330005000000001160257
00600010000000000000000768430000000152779520005000000003208370
08200010000000000000000235750000000009641330005000000000202468
00100010000000000000000043510000000075504430005000000001585593
00600010000000000000000023800000000068786380005000000001444514
08200010000000000000000236180000000004014860005000000000084312
00100010000000000000000000020000000241284570005000000005066976
00100011000000000000000013690000003402907710005000000071461062
00600010000000000000000771960000000154530950005000000003245150
00600011000000000000000000480000000013402100005000000000281444
08200010000000000000000236250000000005495050005000000000115396
00100010000000000000000000020000000202236520005000000004246967
00100011000000000000000013850000000112569100005000000002363951
00600010000000000000000018350000000124194480005000000002608084
08200010000000000000000236500000000007269430005000000000152658
00100010000000000000000000020000000229583330005000000004821250
00100011000000000000000013950000000248595670005000000005220509
00600010000000000000000018410000000128102760005000000002690158
08200010000000000000000236920000000006601670005000000000138635
00100010000000000000000000020000000168061570005000000003529293
00100011000000000000000013960000000059970290005000000001259376
00600010000000000000000778050000000155235950005000000003259955
00600011000000000000000000490000000041376140005000000000868899
08200010000000000000000237270000000006226480005000000000130756
00100010000000000000000000020000000248552100005000000005219594
00100011000000000000000013970000000002739570005000000000057531
00600010000000000000000780500000000185930240005000000003904535
08200010000000000000000237610000000010537190005000000000221281
00100010000000000000000000020000000181510710005000000003811725
00100011000000000000000013980000000295225140005000000006199728
00600010000000000000000782270000000165354290005000000003472440
08200010000000000000000238130000000007770240005000000000163175
00100010000000000000000044080000000115339430005000000002422128
00600010000000000000000123790000000108025950005000000002268545
08200010000000000000000238530000000003910760005000000000082126
00100010000000000000000000020000000157582860005000000003309240
00100011000000000000000014000000001044019330005000000021924406
00600010000000000000000785600000000175693000005000000003689553
00600011000000000000000000500000000034819900005000000000731218
00300011000000000000000000600000000000173570005000000000003645
08200010000000000000000238680000000008551670005000000000179585
00100010000000000000000000020000000194009570005000000004074201
00100011000000000000000014130000000541010000005000000011361210
00600010000000000000000787800000000152992000005000000003212832
00300011000000000000000000610000000051665670005000000001084979
08200010000000000000000238980000000006626430005000000000139155
00100010000000000000000000020000000211179760005000000004434775
00100011000000000000000014230000000285712810005000000005999969
00600010000000000000000790070000000160781860005000000003376419
08200010000000000000000239330000000006783900005000000000142462
00100010000000000000000000020000000218040290005000000004578846
