001000110000000000000043972480000000000305428518360000000022639240005000000000475424
00300012000000000000001436948000000000030542851836000000000-586620005000000000012319
001000120000000000000022288280000000000305428518360000000027354190005000000000574438
00300007000000000000000032608000000000020133177249000000000-436520005000000000009167
001020190000000000000035044880000000000305466899790000000428837190005000000009005581
001000120000000000000022351380000000000305428518360000000083975860005000000001763493
001000110000000000000044339080000000000305428518360000000010244760005000000000215140
001000130000000000000033290280000000000305428518360000000006517190005000000000136861
0030100600000000000000011735800000000003054775125200000000-1405670005000000000029519
0030100600000000000000011747800000000003054775125200000000-5532240005000000000116177
001020180000000000000012241880000000000305466899790000000000089330005000000000001876
001010060000000000000010617280000000000305477512520000000015556290005000000000326682
001010060000000000000010617380000000000305477512520000000016239140005000000000341022
001050930000000000000173557480000000000305184086890000000008583290005000000000180249
001000030000000000000000037680000000000202037030670000000009322330005000000000195769
001000010000000000000007321180000000000307154222430000000008449330005000000000177436
001000010000000000000007321280000000000307154222430000000000441900005000000000009280
001000210000000000000007105280000000000307087960650000000009851330005000000000206878
001000050000000000000000070180000000000307163235670000000000296430005000000000006225
001080730000000000000083887880000000000307072103850000000002004290005000000000042090
001000800000000000000012523580000000000305563817780000000033445100005000000000702347
001020190000000000000035107680000000000305466899790000000008877620005000000000186430
001000120000000000000022364780000000000305428518360000000002850000005000000000059850
001000050000000000000000115580000000000203422681110000000000165290005000000000003471
001050930000000000000173689680000000000305184086890000000003915140005000000000082218
001054740000000000000000396480000000000305011126620000000001845710005000000000038760
001000070000000000000016083280000000000201331772490000000010745050005000000000225646
001000070000000000000016082680000000000201331772490000000000444620005000000000009337
001000070000000000000016083380000000000201331772490000000007159050005000000000150340
00302018000000000000000792848000000000030546689979000000000-306050005000000000006427
001000060000000000000000019480000000000307160124130000000005454000005000000000114534
001000070000000000000016102080000000000202822372030000000005634760005000000000118330
001000070000000000000016102080000000000201331772490000000005999190005000000000125983
001000070000000000000016102180000000000201331772490000000005312330005000000000111559
001000980000000000000008738180000000000306578657250000000325814860005000000006842112
001050930000000000000173830480000000000305184086890000000006821050005000000000143242
001000390000000000000000930780000000000307023556010000000005309000005000000000111489
001000970000000000005049580980000000000306586502420000000149013480005000000003129283
001000210000000000000007124680000000000307087960650000000014898520005000000000312869
001050930000000000000173953780000000000305184086890000000008190570005000000000172002
001000050000000000000000076280000000000307163235670000000005468380005000000000114836
0030001200000000000000144634800000000003054285183600000000-6184570005000000000129876
001000140000000000000020347580000000000307072498500000000001559380005000000000032747
001000030000000000000046878380000000000336874731890000000043055330005000000000904162
001010060000000000000010873980000000000305477512520000000042404900005000000000890503
001000030000000000000000068580000000000271231847480000000005400000005000000000113400
001008840000000000000002678580000000000305079508480000000001527860005000000000032085
001008840000000000000002677580000000000305079508480000000018617520005000000000390968
001010060000000000000010883880000000000305477512520000000037055100005000000000778157
003025500000000000000006479580000000000305466899790000000-10633570005000000000223305
001000070000000000000016159280000000000201331772490000000003121240005000000000065546
0030255000000000000000065810800000000003054668997900000000-7016100005000000000147338
003025500000000000000006726180000000000305466899790000000-15416760005000000000323752
001000070000000000000016152080000000000201331772490000000003226290005000000000067752
001000070000000000000016154380000000000201331772490000000005770380005000000000121178
003025500000000000000006805280000000000305466899790000000-54642570005000000001147494
001054740000000000000000401280000000000305011126620000000002413760005000000000050689
001000120000000000000004265380000000000272751809930000000002153860005000000000045231
001020180000000000000012339980000000000305466899790000000046623430005000000000979092
001000390000000000000000936980000000000307023556010000000003632480005000000000076282
001050930000000000000174202380000000000305184086890000000007861520005000000000165092
001000040000000000000000253280000000000202822372030000000010572050005000000000222013
003025500000000000000007005780000000000305466899790000000-87768620005000000001843141
0030255000000000000000069913800000000003054668997900000000-7190100005000000000150992
001000070000000000000016190680000000000201331772490000000002264950005000000000047564
001000070000000000000016190780000000000201331772490000000005346670005000000000112280
001000050000000000000000079580000000000307163235670000000002037950005000000000042797
001010060000000000000011018180000000000305477512520000000000000100005000000000000002
001010060000000000000011018080000000000305477512520000000083018380005000000001743386
001010060000000000000011018780000000000305477512520000000052237570005000000001096989
001008840000000000000002691480000000000305079508480000000011817900005000000000248176
00300007000000000000000033388000000000020133177249000000000-309810005000000000006506
001000010000000000000007486280000000000307154222430000000005833140005000000000122496
001000210000000000000007148680000000000307087960650000000009394330005000000000197281
001000210000000000000007148580000000000307087960650000000012136710005000000000254871
001000120000000000000022434380000000000305428518360000000029668000005000000000623028
001080730000000000000084493280000000000307072103850000000002093710005000000000043968
001000200000000000000008528780000000000307094423990000000001469860005000000000030867
001000140000000000000020432580000000000307072498500000000001067140005000000000022410
001000800000000000000012669080000000000305563817780000000015604000005000000000327684
001000070000000000000000119280000000000201331772490000000003318950005000000000069698
001000070000000000000016240180000000000201331772490000000004562860005000000000095820
001050930000000000000174468380000000000305184086890000000010706140005000000000224829
0030201800000000000000080055800000000003054668997900000000-6251050005000000000131272
001054740000000000000000407380000000000305011126620000000001435240005000000000030140
001020190000000000000035249980000000000305466899790000000072132000005000000001514772
001000050000000000000000117480000000000203422681110000000000438000005000000000009198
001000040000000000000000257380000000000202822372030000000010408480005000000000218578
001050930000000000000174616280000000000305184086890000000006319000005000000000132699
001000050000000000000000081880000000000307163235670000000010203430005000000000214272
001000070000000000000016274280000000000201331772490000000004203140005000000000088266
001000070000000000000016274180000000000201331772490000000001789810005000000000037586
001000070000000000000016274380000000000201331772490000000005275380005000000000110783
001000390000000000000000949780000000000307023556010000000004470760005000000000093886
001010060000000000000011271480000000000305477512520000000013992380005000000000293840
001010060000000000000011279980000000000305184086890000000031736050005000000000666457
001010060000000000000011279980000000000305477512520000000031736050005000000000666457
001010060000000000000011277580000000000305477512520000000028803950005000000000604883
001000050000000000000046953780000000000336874731890000000063566710005000000001334901
001000210000000000000007173280000000000307087960650000000013224570005000000000277716
001000210000000000000007173380000000000307087960650000000012392480005000000000260242
001000210000000000000007173380000000000307087960650000000001533000004000000000015330
001000010000000000000007588980000000000307154222430000000001378810005000000000028955
001000800000000000000012743680000000000305563817780000000002698430005000000000056667
001008840000000000000002712480000000000305079508480000000011474290005000000000240960
001008070000000000000084864280000000000307072103850000000006301050005000000000132322
001020180000000000000012527280000000000305466899790000000097493480005000000002047363
001000130000000000000000003880000000000202868023120000000005950430005000000000124959
001054740000000000000000414080000000000305011126620000000001531000005000000000032151
001000070000000000000016328080000000000201331772490000000001807900005000000000037966
001000070000000000000016328180000000000201331772490000000003704290005000000000077790
001050930000000000000174886880000000000305184086890000000007784860005000000000163482
001020180000000000000012635680000000000305466899790000000012268570005000000000257640
001050930000000000000175027280000000000305184086890000000005620100005000000000118022
001000040000000000000000260780000000000202822372030000000016137520005000000000338888
001000390000000000000000958780000000000307023556010000000003911900005000000000082150
001000140000000000000020519180000000000307072498500000000002526330005000000000053053
001000070000000000000016358780000000000201331772490000000005555810005000000000116672
001000070000000000000016358880000000000201331772490000000002877570005000000000060429
001008840000000000000002729880000000000305079508480000000018109620005000000000380302
001000030000000000000000079280000000000202498298980000000029084050005000000000610765
001010060000000000000011497380000000000305477512520000000056316240005000000001182641
00308073000000000000000538108000000000030707210385000000000-536570005000000000011268
001010060000000000000011496580000000000305477512520000000012062480005000000000253312
001010060000000000000011496680000000000305477512520000000010773950005000000000226253
001000030000000000000047000880000000000336874731890000000046193810005000000000970070
003025500000000000000007940880000000000305466899790000000-40565710005000000000851880
001000020000000000000000007380000000000271609110800000000005537190005000000000116281
001000140000000000000020585580000000000307072498500000000002034100005000000000042716
001000010000000000000007680380000000000307154222430000000003066620005000000000064399
001000800000000000000012824380000000000305563817780000000005856570005000000000122988
001000210000000000000007195980000000000307087960650000000026039290005000000000546825
001000290000000000000004412080000000000306777623450000000040174240005000000000843659
001080730000000000000085226280000000000307072103850000000002590810005000000000054407
003025500000000000000008031780000000000305466899790000000-20482000005000000000430122
00302550000000000000000814228000000000030546689979000000-119793380005000000002515661
001050930000000000000175273580000000000305184086890000000006108900005000000000128287
001054740000000000000000420780000000000305011126620000000000617100005000000000012959
001000300000000000000000133380000000000307079640530000000004243600004000000000042436
001001090000000000000000002580000000000305466899790000014939196570005000000313723128
