003020180000000000000008141380000000000000000030540000000023740860005000000000498558
001025500000000000000005591880000000000000000030540000000000557900005000000000011716
001025500000000000000006299980000000000000000030540000000000424240005000000000008909
001020180000000000000012729380000000000000000030540000000056390000005000000001184190
001000070000000000000016404880000000000000000020130000000000929670005000000000019523
001000070000000000000016404980000000000000000020130000000002519480005000000000052909
001020180000000000000012799080000000000000000030540000000000041000005000000000000861
001000120000000000000004384980000000000000000027270000000002778100005000000000058340
001000210000000000000006324180000000000000000030700000000013831430005000000000290460
001001910000000000000000137880000000000000000030690000000002484520005000000000052175
001050930000000000000175399880000000000000000030510000000004368430005000000000091737
001000390000000000000000965380000000000000000030700000000004345290005000000000091251
001000040000000000000000264380000000000000000020280000000011749670005000000000246743
001000050000000000000000090180000000000000000030710000000001185760005000000000024901
001010060000000000000011701180000000000000000030540000000000459100005000000000009641
001000980000000000000008852680000000000000000030650000000365054950005000000007666154
001010060000000000000011750880000000000000000030540000000001216950005000000000025556
001000050000000000000000090480000000000000000030710000000003370950005000000000070790
001010060000000000000011750380000000000000000030540000000033069480005000000000694459
001008840000000000000002747680000000000000000030500000000013582290005000000000285228
003020180000000000000008186180000000000000000030540000000001941290005000000000040767
001000030000000000000047055380000000000000000033680000000013786570005000000000289518
001000120000000000000022548580000000000000000030540000000067229240005000000001411814
001050930000000000000175525980000000000000000030510000000006556430005000000000137685
001000970000000000005079594780000000000000000030650000000159046190006000000004294247
001000140000000000000020661280000000000000000030700000000001067140005000000000022410
001000800000000000000012902580000000000000000030550000000001825950005000000000038345
001000210000000000000007218880000000000000000030700000000007104140005000000000149187
001000210000000000000007219880000000000000000030700000000000021050005000000000000442
001000210000000000000007218780000000000000000030700000000018276710005000000000383811
001000120000000000000022562780000000000000000030540000000002714430005000000000057003
003020180000000000000008227280000000000000000030540000000009067100005000000000190409
001000070000000000000016478880000000000000000020130000000009343290005000000000196209
001000070000000000000016478280000000000000000020130000000010609190005000000000222793
001050930000000000000175720080000000000000000030510000000009244100005000000000194126
001000010000000000000007752780000000000000000030710000000003608810005000000000075785
001000030000000000000000071580000000000000000027120000000006460000005000000000135660
003004290000000000000000078280000000000000000030500000000001267240005000000000026612
001000040000000000000000268180000000000000000020280000000005513480005000000000115783
001010060000000000000011987080000000000000000030540000000005282570005000000000110934
001000050000000000000000094680000000000000000030710000000002798670005000000000058772
001000010000000000000000100680000000000000000027180000000003380140005000000000070983
001010060000000000000011993280000000000000000030540000000017874380005000000000375362
001050930000000000000175915180000000000000000030510000000005971710005000000000125406
001000050000000000000000121080000000000000000020340000000000231430005000000000004860
003004290000000000000000078880000000000000000030500000000001267240005000000000026612
001000010000000000000007855180000000000000000030710000000005380290005000000000112986
001000210000000000000007239180000000000000000030700000000013842670005000000000290696
001008840000000000000002766480000000000000000030500000000004077860005000000000085635
001000800000000000000012974580000000000000000030550000000007274900005000000000152773
001000040000000000000003638280000000000000000020230000000002093480005000000000043963
003020180000000000000008264880000000000000000030540000000010123860005000000000212601
001000290000000000000004442580000000000000000030670000000033887190005000000000711631
001000140000000000000020742280000000000000000030700000000002163670005000000000045437
001080730000000000000085911080000000000000000030700000000001027430005000000000021576
001000070000000000000016566980000000000000000020130000000002408140005000000000050571
001000070000000000000016566880000000000000000020130000000002018380005000000000042386
001054790000000000000000780080000000000000000030500000000000586240005000000000012311
001050930000000000000176037080000000000000000030510000000004868670005000000000102242
001020190000000000000035608780000000000000000030540000000518340570005000000010885152
001020190000000000000035608880000000000000000030540000000011732380005000000000246380
001000090000000000000000584080000000000000000027060000000001074430005000000000022563
001000090000000000000000584880000000000000000027060000000005818240005000000000122183
001000040000000000000000271680000000000000000020280000000011341000005000000000238161
001000070000000000000016602180000000000000000020130000000009052330005000000000190099
001050930000000000000176163780000000000000000030510000000007817100005000000000164159
001000390000000000000000984080000000000000000030700000000008103190005000000000170167
001000070000000000000016588380000000000000000020130000000005454050005000000000114535
001000070000000000000016587980000000000000000020130000000001222190005000000000025666
001000070000000000000016588280000000000000000020130000000005762190005000000000121006
001010060000000000000012218680000000000000000030540000000044968710005000000000944343
001020180000000000000012937080000000000000000030540000000097558900005000000002048737
001010060000000000000012221780000000000000000030540000000035970190005000000000755374
001020190000000000000035646780000000000000000030540000000047880480005000000001005490
001000210000000000000007258480000000000000000030700000000001605000005000000000033705
001000210000000000000007258380000000000000000030700000000035767240005000000000751112
001000800000000000000013033980000000000000000030550000000005207570005000000000109359
001000010000000000000007944380000000000000000030710000000006697950005000000000140657
001000140000000000000020810280000000000000000030700000000001645810005000000000034562
001020190000000000000035658480000000000000000030540000000039672760005000000000833128
001000070000000000000016652580000000000000000020130000000001956000005000000000041076
001000070000000000000016652680000000000000000020130000000000819430005000000000017208
001050930000000000000176411680000000000000000030510000000010979760005000000000230575
001000030000000000000000080180000000000000000020240000000008739000005000000000183519
001000120000000000000022630980000000000000000030540000000065883570005000000001383555
001054740000000000000000433780000000000000000030500000000001608760005000000000033784
001080730000000000000086338580000000000000000030700000000002707290005000000000056853
001000070000000000000016671380000000000000000020130000000001821330005000000000038248
001000070000000000000016670880000000000000000020130000000010328140005000000000216891
001050930000000000000176544780000000000000000030510000000006320710005000000000132735
001000040000000000000000275180000000000000000020280000000009203570005000000000193275
001000390000000000000000992580000000000000000030700000000002514810005000000000052811
003004290000000000000000079480000000000000000030500000000001267240005000000000026612
003000210000000000000000427180000000000000000030700000000000063950005000000000001343
001000050000000000000000103180000000000000000030710000000005233330005000000000109900
001008840000000000000002795980000000000000000030500000000014578190005000000000306142
001010060000000000000012485880000000000000000030540000000022891050005000000000480712
001000030000000000000047217380000000000000000033680000000048602330005000000001020649
001020180000000000000013065780000000000000000030540000000068278430005000000001433847
001050930000000000000176674380000000000000000030510000000005159100005000000000108341
003004290000000000000000077680000000000000000030500000000001951950005000000000040991
001080730000000000000086578380000000000000000030700000000004012240005000000000084257
001000050000000000000000123080000000000000000020340000000002644620005000000000055537
001000010000000000000008045180000000000000000030710000000001187190005000000000024931
001000210000000000000007279780000000000000000030700000000025559860005000000000536757
001000140000000000000020878380000000000000000030700000000003291620005000000000069124
001000800000000000000013115380000000000000000030550000000007360190005000000000154564
001000120000000000000022675380000000000000000030540000000021755480005000000000456865
001021420000000000000016490880000000000000000030540000000061988190005000000001301752
001000070000000000000016736580000000000000000020130000000001327860005000000000027885
001000070000000000000016736080000000000000000020130000000000713950005000000000014993
001050930000000000000176805180000000000000000030510000000008783190005000000000184447
001021420000000000000016551080000000000000000030540000000051194240005000000001075079
003025500000000000000009350580000000000000000030540000000051892140005000000001089735
001000020000000000000000000580000000000000000020200000000002479330005000000000052066
001010060000000000000012486880000000000000000030540000000023608480005000000000495778
003025500000000000000009444580000000000000000030540000000024610620005000000000516823
001001090000000000000000006080000000000000000030540000013787292380005000000289533140
001000390000000000000000999280000000000000000030700000000002514810005000000000052811
001050930000000000000176940680000000000000000030510000000009628810005000000000202205
001000040000000000000000277380000000000000000020280000000004860670005000000000102074
003025500000000000000009536480000000000000000030540000000103553710005000000002174628
