00100011000000000000000115070000000288879240005000000006066464
00100011000000000000000115080000000252435620005000000005301148
00100011000000000000000115090000000200785240005000000004216490
00100011000000000000000115100000000354793620005000000007450666
00100011000000000000000115110000000199528900005000000004190107
00100011000000000000000115120000000099764480005000000002095054
00100011000000000000000115130000000099764480005000000002095054
00100011000000000000000115140000000763404950005000000016031504
00100014000000000000000157370000003319201620005000000069703234
00100014000000000000000157380000000285963000005000000006005223
00100014000000000000000157390000000089964620005000000001889257
00100014000000000000000157400000000028614860005000000000600912
00100014000000000000000157410000000020717900005000000000435076
00100014000000000000000157420000000008664710005000000000181959
00100014000000000000000157430000000005696000005000000000119616
00100014000000000000000157440000000032214810005000000000676511
00100014000000000000000157450000000003219900005000000000067618
00100014000000000000000157460000000092853710005000000001949928
00100014000000000000000157470000000016724900005000000000351223
00100014000000000000000157480000000003208860005000000000067386
00100014000000000000000157490000000040157950005000000000843317
00100014000000000000000157500000000020000000005000000000420000
00100014000000000000000157510000000024574620005000000000516067
00100016000000000000000008070000002370000000005000000049770000
00100016000000000000000008080000000970000000005000000020370000
00100016000000000000000008090000002172780000005000000045628380
00100016000000000000000008100000000309600000005000000006501600
00100051000000000000000002960000000007525520005000000000158036
00100052000000000000000003570000000236124290004000000002479305
00100052000000000000000003580000000058387900004000000000613073
00100052000000000000000003590000002332904950004000000024495502
00100052000000000000000003600000001343595050004000000014107748
00100200000000000000000000790000000414401670005000000008702435
00100200000000000000000000800000000410207620005000000008614360
00600016000000000000000002540000001133372520005000000023800823
00300011000000000000000005560000000288879240005000000006066464
00300014000000000000000025040000000003202570005000000000067254
00200011000000000000000002500000003791411520004000000039809821
00200011000000000000000002510000000080615710004000000000846465
00100011000000000000000115150000000048382810005000000001016039
00100011000000000000000115160000000080638000005000000001693398
00100011000000000000000115170000000078654520005000000001651745
00100011000000000000000115180000000078654520005000000001651745
00100011000000000000000115190000000170326570005000000003576858
00100014000000000000000157520000000051825290005000000001088331
00100014000000000000000157530000000036142140005000000000758985
00100014000000000000000157540000000037920380005000000000796328
00100014000000000000000157550000000056404950005000000001184504
00100014000000000000000157560000000032214810005000000000676511
00100014000000000000000157570000000009183950005000000000192863
00100014000000000000000157580000000025912620005000000000544165
00100014000000000000000157590000000006533050005000000000137194
00100014000000000000000157600000000006792760005000000000142648
00100014000000000000000157610000000003775000005000000000079275
00100014000000000000000157620000000034215620005000000000718528
00100007000000000000000000050000001357466100004000000014253394
00100011000000000000000115200000000137645430005000000002890554
00100011000000000000000115210000000117981810005000000002477618
00100011000000000000000115220000000159623140005000000003352086
00100011000000000000000115230000000227350710005000000004774365
00100011000000000000000115240000000039327290005000000000825873
00100011000000000000000115250000000117981810005000000002477618
00100011000000000000000115260000000117981810005000000002477618
00100011000000000000000115270000000083943810005000000001762820
00100011000000000000000115280000000260329480005000000005466919
00100011000000000000000115290000000041002480005000000000861052
00100011000000000000000115300000000139670240005000000002933075
00100014000000000000000157630000000005828330005000000000122395
00100014000000000000000157640000000070000000005000000001470000
00100014000000000000000157650000000007638140005000000000160401
00100014000000000000000157660000000071332380005000000001497980
00100014000000000000000157670000000009284670005000000000194978
00100014000000000000000157680000000006299430005000000000132288
00100014000000000000000157690000000128027050005000000002688568
00100014000000000000000157700000000006792760005000000000142648
00100014000000000000000157710000000016184760005000000000339880
00100014000000000000000157720000000017726290005000000000372252
00100014000000000000000157730000000005598620005000000000117571
00100014000000000000000157740000000008816620005000000000185149
00100051000000000000000002970000000069719000005000000001464099
00100051000000000000000002980000000047229000005000000000991809
00100051000000000000000002990000000054211190005000000001138435
00600014000000000000000042170000000009183950005000000000192863
00600014000000000000000042180000000003565380005000000000074873
00600014000000000000000042190000000027351000005000000000574371
00300011000000000000000005570000000137645430005000000002890554
00300014000000000000000025050000000003289190005000000000069073
00100011000000000000000115310000000039327290005000000000825873
00100011000000000000000115320000000196636330005000000004129363
00100011000000000000000115330000000041352050005000000000868393
00100011000000000000000115340000000117981810005000000002477618
00100011000000000000000115350000000199528900005000000004190107
00100011000000000000000115360000000428963620005000000009008236
00100011000000000000000115370000000082952050005000000001741993
00100011000000000000000115380000000078654520005000000001651745
00100011000000000000000115390000000039327290005000000000825873
00100011000000000000000115400000000124056190005000000002605180
00100011000000000000000115410000000191902620005000000004029955
00100014000000000000000157750000000007130100005000000000149732
00100014000000000000000157760000000008512760005000000000178768
00100014000000000000000157770000000082655710005000000001735770
00100014000000000000000157780000000194271620005000000004079704
00100014000000000000000157790000000023202290005000000000487248
00100014000000000000000157800000000028609050005000000000600790
00100014000000000000000157810000000032026000005000000000672546
00100014000000000000000157820000000037860330005000000000795067
00100014000000000000000157830000000003223140005000000000067686
00100016000000000000000008110000000006065620005000000000127378
00100016000000000000000008120000000005307380005000000000111455
00600014000000000000000042200000000009183950005000000000192863
00600014000000000000000042210000000056583900005000000001188262
00600014000000000000000042220000000022829900005000000000479428
00600014000000000000000042230000000007130760005000000000149746
00600014000000000000000042240000000032214810005000000000676511
00600014000000000000000042250000000014942140005000000000313785
00300016000000000000000000510000000006065620005000000000127378
00100011000000000000000115420000000040319000005000000000846699
00100011000000000000000115430000000041476050005000000000870997
00100014000000000000000157840000000032214810005000000000676511
00100014000000000000000157850000000005598620005000000000117571
00100014000000000000000157860000000002914140005000000000061197
00100014000000000000000157870000000035005810005000000000735122
00300014000000000000000025060000000002473950005000000000051953
00300014000000000000000025070000000002328050005000000000048889
00100051000000000000000003000000000048580000005000000001020180
00100051000000000000000003010000000027967900005000000000587326
00100051000000000000000003020000000013983950005000000000293663
00100011000000000000000115440000000117981810005000000002477618
00100011000000000000000115450000000083943810005000000001762820
00100011000000000000000115460000000117981810005000000002477618
00100011000000000000000115470000000118973570005000000002498445
00100011000000000000000115480000000040236380005000000000844964
00100011000000000000000115490000000041352050005000000000868393
00100011000000000000000115500000000413520710005000000008683935
00100011000000000000000115510000000473661240005000000009946886
00100011000000000000000115520000000165406950005000000003473546
00100011000000000000000115530000000296184140005000000006219867
00100011000000000000000115540000000209181760005000000004392817
00100014000000000000000157880000000291900000005000000006129900
00100014000000000000000157890000000032026000005000000000672546
00100014000000000000000157900000000044429570005000000000933021
00100014000000000000000157910000000033163570005000000000696435
00100014000000000000000157920000000005598620005000000000117571
00100014000000000000000157930000000024374860005000000000511872
00100014000000000000000157940000000025912620005000000000544165
00100014000000000000000157950000000023321380005000000000489749
00100014000000000000000157960000000004898430005000000000102867
00100014000000000000000157970000000033086290005000000000694812
00100014000000000000000157980000000053421050005000000001121842
00100014000000000000000157990000000003149330005000000000066136
00100051000000000000000003030000000015094480005000000000316984
00100052000000000000000003610000000087834190004000000000922259
00600014000000000000000042260000000012613480005000000000264883
00600014000000000000000042270000000024374860005000000000511872
00600014000000000000000042280000000093022520005000000001953473
00600014000000000000000042290000000005296480005000000000111226
00600014000000000000000042300000000028614860005000000000600912
00600016000000000000000002550000000090909100005000000001909091
00300014000000000000000025080000000025912620005000000000544165
00300014000000000000000025090000000009284670005000000000194978
00100011000000000000000115550000000136609570005000000002868801
00100011000000000000000115560000000396578520005000000008328149
00100011000000000000000115570000000114262810005000000002399519
00100011000000000000000115580000000203387140005000000004271130
00100014000000000000000158000000000032518100005000000000682880
00100014000000000000000158010000000320540760005000000006731356
00100014000000000000000158020000000070000000005000000001470000
00100014000000000000000158030000000024874710005000000000522369
00100014000000000000000158040000000003399670005000000000071393
00100014000000000000000158050000000023312000005000000000489552
00100014000000000000000158060000000004386240005000000000092111
00100014000000000000000158070000000057938620005000000001216711
00100014000000000000000158080000000016187520005000000000339938
00100014000000000000000158090000000009275000005000000000194775
00100016000000000000000008130000000002830620005000000000059443
00100051000000000000000003040000000059500000005000000001249500
00100051000000000000000003050000000099704430005000000002093793
00100051000000000000000003060000000217070140005000000004558473
00100051000000000000000003070000000046200000005000000000970200
00100052000000000000000003620000001283032480004000000013471841
00600014000000000000000042310000000045534140005000000000956217
00600014000000000000000042320000000032214810005000000000676511
00200011000000000000000002520000000235995520004000000002477953
00100052000000000000000003630000002601788380004000000027318778
00100011000000000000000115590000000103690100005000000002177492
00100011000000000000000115600000000121452900005000000002550511
00100011000000000000000115610000000062214050005000000001306495
00100011000000000000000115620000000060850430005000000001277859
00100011000000000000000115630000000048098520005000000001010069
00100011000000000000000115640000000121452900005000000002550511
00100011000000000000000115650000000206997860005000000004346955
00100011000000000000000115660000000103440860005000000002172258
00100014000000000000000158100000000040157950005000000000843317
00100014000000000000000158110000000216213330005000000004540480
00100014000000000000000158120000000049177140005000000001032720
00100014000000000000000158130000000024874710005000000000522369
00100014000000000000000158140000000031529000005000000000662109
00100014000000000000000158150000000099895240005000000002097800
00100014000000000000000158160000000004340290005000000000091146
00100014000000000000000158170000000003106480005000000000065236
00100014000000000000000158180000000037447520005000000000786398
00100014000000000000000158190000000024357760005000000000511513
00100014000000000000000158200000000017006520005000000000357137
00100014000000000000000158210000000045170140005000000000948573
00100014000000000000000158220000000032863380005000000000690131
00100014000000000000000158230000000019518710005000000000409893
00100014000000000000000158240000000034139710005000000000716934
00600014000000000000000042330000000032214810005000000000676511
00600014000000000000000042340000000004681430005000000000098310
00100011000000000000000115670000000202421520005000000004250852
00100011000000000000000115680000000202743810005000000004257620
00100011000000000000000115690000000040484290005000000000850170
00100011000000000000000115700000000121452900005000000002550511
00100011000000000000000115710000000103690100005000000002177492
00100011000000000000000115720000000121452900005000000002550511
00100011000000000000000115730000000121452900005000000002550511
00100011000000000000000115740000000043624430005000000000916113
00100011000000000000000115750000000101635520005000000002134346
00100011000000000000000115760000000383165100005000000008046467
00100011000000000000000115770000000248348570005000000005215320
00100014000000000000000158250000000016726330005000000000351253
00100014000000000000000158260000000599375000005000000012586875
00100014000000000000000158270000000069917330005000000001468264
00100014000000000000000158280000000171705050005000000003605806
00100014000000000000000158290000000004681430005000000000098310
00100014000000000000000158300000000014482190005000000000304126
00100014000000000000000158310000000052448570005000000001101420
00100014000000000000000158320000002333119810005000000048995516
00100014000000000000000158330000000011402050005000000000239443
00100014000000000000000158340000000042808380005000000000898976
00100014000000000000000158350000000004024140005000000000084507
00100014000000000000000158360000000013928430005000000000292497
00100016000000000000000008140000002630000000005000000055230000
00100016000000000000000008150000000588000000005000000012348000
00100051000000000000000003080000000015225000005000000000319725
00100051000000000000000003090000000244125000005000000005126625
00100051000000000000000003100000000099704430005000000002093793
00100051000000000000000003110000000038062480005000000000799312
00100051000000000000000003120000000015225000005000000000319725
00100051000000000000000003130000000045675000005000000000959175
00100051000000000000000003140000000062562480005000000001313812
00100051000000000000000003150000000035262480005000000000740512
00100052000000000000000003640000000075862480005000000001593112
00100052000000000000000003650000000075862860004000000000796560
00100052000000000000000003660000000006244380004000000000065566
00100052000000000000000003670000000131250000004000000001378125
00100052000000000000000003680000000017520480004000000000183965
00600014000000000000000042350000000006183380005000000000129851
00600014000000000000000042360000000002915620005000000000061228
00600014000000000000000042370000000013262290005000000000278508
00600014000000000000000042380000000096103620005000000002018176
00600014000000000000000042390000000051967190005000000001091311
00600014000000000000000042400000000003106480005000000000065236
00600014000000000000000042410000000019212860005000000000403470
00300011000000000000000005580000000121452900005000000002550511
00300052000000000000000000330000000075862480005000000001593112
00800014000000000000000007380000000005937430005000000000124686
00100011000000000000000115780000000060726430005000000001275255
00100011000000000000000115790000000121452900005000000002550511
00100011000000000000000115800000000040484290005000000000850170
00100011000000000000000115810000000101210760005000000002125426
00100011000000000000000115820000000228277670005000000004793831
00100014000000000000000158370000000008735330005000000000183442
00100014000000000000000158380000000023370520005000000000490781
00100014000000000000000158390000000027005860005000000000567123
00100014000000000000000158400000000008388710005000000000176163
00100014000000000000000158410000000035543620005000000000746416
00100014000000000000000158420000000034341000005000000000721161
00100014000000000000000158430000000034341000005000000000721161
00100014000000000000000158440000000040129100005000000000842711
00100014000000000000000158450000000028054430005000000000589143
00100014000000000000000158460000000333922520005000000007012373
00100052000000000000000003690000000308000000004000000003234000
00600014000000000000000042420000000010217290005000000000214563
00600014000000000000000042430000000082076140005000000001723599
00600014000000000000000042440000000008247330005000000000173194
00600014000000000000000042450000000007255900005000000000152374
00600014000000000000000042460000000004203950005000000000088283
00600014000000000000000042470000000004194330005000000000088081
00600014000000000000000042480000000006571570005000000000138003
00100011000000000000000115830000000117981810005000000002477618
00100011000000000000000115840000000225528950005000000004736108
00100011000000000000000115850000000191365190005000000004018669
00100014000000000000000158470000000342225000005000000007186725
00100014000000000000000158480000000030906900005000000000649045
00100014000000000000000158490000000003106480005000000000065236
00100014000000000000000158500000000033528710005000000000704103
00100014000000000000000158510000000055245760005000000001160161
00100014000000000000000158520000000043076330005000000000904603
00100014000000000000000158530000000004203950005000000000088283
00100014000000000000000158540000000042686290005000000000896412
00100014000000000000000158550000000301860000005000000006339060
00100014000000000000000158560000000016406430005000000000344535
00100014000000000000000158570000000030435760005000000000639151
00100014000000000000000158580000000027392190005000000000575236
00100016000000000000000008160000001169718000005000000024564078
00100051000000000000000003160000000090610950005000000001902830
00100052000000000000000003700000000040540480004000000000425675
00600014000000000000000042490000000008987620005000000000188740
00300011000000000000000005590000000117981810005000000002477618
00300014000000000000000025100000000002474950005000000000051974
00300014000000000000000025110000000003835520005000000000080546
00300014000000000000000025120000000003835520005000000000080546
00300014000000000000000025130000000030435760005000000000639151
00300014000000000000000025140000000023678480005000000000497248
00300051000000000000000000180000000027967900005000000000587326
00800014000000000000000007390000000002861760005000000000060097
00100011000000000000000115860000000085914050005000000001804195
00100011000000000000000115870000000045105810005000000000947222
00100011000000000000000115880000000257742140005000000005412585
00100011000000000000000115890000000176125620005000000003698638
00100011000000000000000115900000000085914050005000000001804195
00100011000000000000000115910000000085914050005000000001804195
00100014000000000000000158590000000003857710005000000000081012
00100014000000000000000158600000000019518710005000000000409893
00100014000000000000000158610000000041058050005000000000862219
00100014000000000000000158620000000053437430005000000001122186
00100014000000000000000158630000000004194430005000000000088083
00100014000000000000000158640000000003106480005000000000065236
00100014000000000000000158650000000006571570005000000000138003
00100014000000000000000158660000000032863380005000000000690131
00100014000000000000000158670000000006213000005000000000130473
00100052000000000000000003710000001218479710004000000012794037
00100200000000000000000000830000000554474330005000000011643961
00600014000000000000000042500000000037512900005000000000787771
00600014000000000000000042510000000006071900005000000000127510
00600014000000000000000042520000000025983620005000000000545656
00300014000000000000000025150000000007359520005000000000154550
00300014000000000000000025160000000011221670005000000000235655
00300014000000000000000025170000000012571520005000000000264002
00300014000000000000000025180000000000746240005000000000015671
00300014000000000000000025190000000028509330005000000000598696
00300014000000000000000025200000000017582100005000000000369224
00300014000000000000000025210000000002330240005000000000048935
00800014000000000000000007400000000008434290005000000000177120
00100011000000000000000115920000000049377670005000000001036931
00100011000000000000000115930000000171828100005000000003608390
00100011000000000000000115940000000225528950005000000004736108
00100011000000000000000115950000000045105810005000000000947222
00100011000000000000000115960000000178248760005000000003743224
00100011000000000000000115970000000066047100005000000001386989
00100011000000000000000115980000000107392570005000000002255244
00100011000000000000000115990000000128871050005000000002706292
00100011000000000000000116000000000241379430005000000005068968
00100011000000000000000116010000000132094190005000000002773978
00100011000000000000000116020000000148133050005000000003110794
00100011000000000000000116030000000160811240005000000003377036
00100011000000000000000116040000000519152050005000000010902193
00100014000000000000000158680000000154388050005000000003242149
00100014000000000000000158690000000079827760005000000001676383
00100014000000000000000158700000000068682000005000000001442322
00100014000000000000000158710000000044060810005000000000925277
00100014000000000000000158720000000144998480005000000003044968
00100014000000000000000158730000000007221480005000000000151651
00100014000000000000000158740000000007190140005000000000150993
00100014000000000000000158750000000079990810005000000001679807
00100014000000000000000158760000000034341000005000000000721161
00100014000000000000000158770000000029613620005000000000621886
00100014000000000000000158780000000020874100005000000000438356
00100014000000000000000158790000000005968140005000000000125331
00100014000000000000000158800000000550021520005000000011550452
00100016000000000000000008170000000007930810005000000000166547
00100016000000000000000008180000000050538330005000000001061305
00100051000000000000000003170000000014698290004000000000154332
00100051000000000000000003180000000119620670005000000002512034
00100051000000000000000003190000000060845570005000000001277757
00100051000000000000000003200000000132440000005000000002781240
00100052000000000000000003720000000010999620004000000000115496
00600014000000000000000042530000000007618900005000000000159997
00600014000000000000000042540000000003655860005000000000076773
00600014000000000000000042550000000095543760005000000002006419
00300011000000000000000005600000000257742140005000000005412585
00300014000000000000000025220000000003221480005000000000067651
00300014000000000000000025230000000013162430005000000000276411
00300014000000000000000025240000000012571710005000000000264006
00300014000000000000000025250000000004203950005000000000088283
00300014000000000000000025260000000005605950005000000000117725
00800014000000000000000007410000000004613050005000000000096874
00100011000000000000000116050000000085914050005000000001804195
00100011000000000000000116060000000266487860005000000005596245
00100011000000000000000116070000000433578900005000000009105157
00100014000000000000000158810000000034341000005000000000721161
00100014000000000000000158820000000007241100005000000000152063
00100051000000000000000003210000000157263860005000000003302541
00100051000000000000000003220000000224364290005000000004711650
00100051000000000000000003230000000058080000005000000001219680
00100052000000000000000003730000000218697620005000000004592650
00100052000000000000000003740000000236922380004000000002487685
00300014000000000000000025270000000027813430005000000000584082
00300014000000000000000025280000000009927520005000000000208478
00300014000000000000000025290000000032214810005000000000676511
00300051000000000000000000190000000157263860005000000003302541
00300052000000000000000000340000000218697620005000000004592650
00100011000000000000000116080000000045105810005000000000947222
00100011000000000000000116090000000211066100005000000004432388
00100011000000000000000116100000000277091810005000000005818928
00100011000000000000000116110000000077322620005000000001623775
00100014000000000000000158830000000034341000005000000000721161
00100014000000000000000158840000000017904380005000000000375992
00100014000000000000000158850000000061567950005000000001292927
00100014000000000000000158860000000003857710005000000000081012
00100014000000000000000158870000000068017620005000000001428370
00100014000000000000000158880000000155901620005000000003273934
00100014000000000000000158890000000299272380005000000006284720
00100014000000000000000158900000000004879670005000000000102473
00100014000000000000000158910000000026430570005000000000555042
00100014000000000000000158920000000061963900005000000001301242
00100016000000000000000008190000000047584810005000000000999281
00100051000000000000000003240000000146352710005000000003073407
00100051000000000000000003250000000940911290005000000019759137
00100051000000000000000003260000000244130190005000000005126734
00100051000000000000000003270000000006389100005000000000134171
00100052000000000000000003750000000060720000004000000000637560
00600014000000000000000042560000000028920140005000000000607323
00600014000000000000000042570000000032055520005000000000673166
00300014000000000000000025300000000020604620005000000000432697
00300014000000000000000025310000000003857710005000000000081012
00200011000000000000000002530000000030206480004000000000317168
00100011000000000000000116120000000042957000005000000000902097
00100011000000000000000116130000000088062810005000000001849319
00100011000000000000000116140000000042957000005000000000902097
00100011000000000000000116150000000042957000005000000000902097
00100011000000000000000116160000000066047100005000000001386989
00100011000000000000000116170000000421305760005000000008847421
00100011000000000000000116180000000208605050005000000004380706
00100011000000000000000116190000000354895860005000000007452813
00100014000000000000000158930000000084489240005000000001774274
00100014000000000000000158940000000070833570005000000001487505
00100014000000000000000158950000000053595330005000000001125502
00100014000000000000000158960000000024850570005000000000521862
00100014000000000000000158970000000006571480005000000000138001
00100014000000000000000158980000000020418190005000000000428782
00100014000000000000000158990000000027622900005000000000580081
00100014000000000000000159000000000067520140005000000001417923
00100014000000000000000159010000000016726330005000000000351253
00100051000000000000000003280000000028611240005000000000600836
00100051000000000000000003290000000012813760005000000000269089
00100052000000000000000003760000000080307520004000000000843229
00100052000000000000000003770000000492291050004000000005169056
00600011000000000000000002350000001242074380005000000026083562
00600014000000000000000042580000000005646050005000000000118567
00600014000000000000000042590000000086065240005000000001807370
00600014000000000000000042600000000009606430005000000000201735
00600014000000000000000042610000000033057860005000000000694215
00600014000000000000000042620000000033057860005000000000694215
00600014000000000000000042630000000018454050005000000000387535
00300014000000000000000025320000000005793860005000000000121671
00300014000000000000000025330000000017687950005000000000371447
00800014000000000000000007420000000075772380005000000001591220
00100014000000000000000159020000000060870050005000000001278271
00100014000000000000000159030000000003857710005000000000081012
00100014000000000000000159040000000068279380005000000001433867
00100014000000000000000159050000000007108620005000000000149281
00100014000000000000000159060000000171705050005000000003605806
00100014000000000000000159070000000042808380005000000000898976
00100014000000000000000159080000000029613620005000000000621886
00100014000000000000000159090000000017901620005000000000375934
00100014000000000000000159100000000017006520005000000000357137
00100014000000000000000159110000000037690520005000000000791501
00600011000000000000000002360000007288822330005000000153065269
00600014000000000000000042640000000029090100005000000000610892
00600014000000000000000042650000000003895670005000000000081809
00600014000000000000000042660000000005592860005000000000117450
00300014000000000000000025340000000001579100005000000000033161
00300014000000000000000025350000000017901620005000000000375934
00800014000000000000000007430000000005303190005000000000111367
00100011000000000000000116200000000088062810005000000001849319
00100011000000000000000116210000000185329480005000000003891919
00100011000000000000000116220000000264638900005000000005557417
00100014000000000000000159120000000034341000005000000000721161
00100014000000000000000159130000000013143100005000000000276005
00100014000000000000000159140000000027611760005000000000579847
00100014000000000000000159150000000042808380005000000000898976
00100014000000000000000159160000002250720000005000000047265120
00100014000000000000000159170000000012181100005000000000255803
00100051000000000000000003300000000030585900005000000000642304
00100051000000000000000003310000001025686950005000000021539426
00100051000000000000000003320000000010090000005000000000211890
00600014000000000000000042670000000016178000005000000000339738
00600014000000000000000042680000000006715190005000000000141019
00300011000000000000000005610000000423732140005000000008898375
00300014000000000000000025360000000005342100005000000000112184
00100011000000000000000116230000000158940900005000000003337759
00100011000000000000000116240000000171828000005000000003608388
00100011000000000000000116250000000085914000005000000001804194
00100011000000000000000116260000000252783480005000000005308453
00100011000000000000000116270000000252783480005000000005308453
00100011000000000000000116280000000210652900005000000004423711
00100011000000000000000116290000000042957000005000000000902097
00100011000000000000000116300000000064435520005000000001353146
00100011000000000000000116310000000045105810005000000000947222
00100011000000000000000116320000000042957000005000000000902097
00100011000000000000000116330000000187359050005000000003934540
00100011000000000000000116340000000128871000005000000002706291
00100011000000000000000116350000000429570000005000000009020970
00100011000000000000000116360000000429570000005000000009020970
00100011000000000000000116370000000217503520005000000004567574
00100011000000000000000116380000000553832950005000000011630492
00100011000000000000000116390000000077322620005000000001623775
00100011000000000000000116400000000085914000005000000001804194
00100011000000000000000116410000000085914000005000000001804194
00100014000000000000000159180000000028347520005000000000595298
00100014000000000000000159190000000004071140005000000000085494
00100014000000000000000159200000000006549000005000000000137529
00100014000000000000000159210000000028673570005000000000602145
00100014000000000000000159220000000018702950005000000000392762
00100014000000000000000159230000000814200000005000000017098200
00100014000000000000000159240000000005968140005000000000125331
00100014000000000000000159250000000030906900005000000000649045
00100051000000000000000003330000000191124900005000000004013623
00100051000000000000000003340000000143370000005000000003010770
00100051000000000000000003350000000005557950005000000000116717
00600014000000000000000042690000000033057860005000000000694215
00600014000000000000000042700000000043173000005000000000906633
00600014000000000000000042710000000009606430005000000000201735
00300011000000000000000005620000000066047100005000000001386989
00300011000000000000000005630000000429570000005000000009020970
00300011000000000000000005640000000171828000005000000003608388
00300014000000000000000025370000000042758240005000000000897923
00300014000000000000000025380000000003276570005000000000068808
00300051000000000000000000200000000238654140005000000005011737
00800014000000000000000007440000000033057860005000000000694215
00200015000000000000000000480000000040712760005000000000854968
00100011000000000000000116420000000128871000005000000002706291
00100011000000000000000116430000000042957000005000000000902097
00100011000000000000000116440000000214785000005000000004510485
00100011000000000000000116450000000644355000005000000013531455
00100011000000000000000116460000000078601000005000000001650621
00100011000000000000000116470000000107392520005000000002255243
00100014000000000000000159260000000010582760005000000000222238
00100014000000000000000159270000000027622900005000000000580081
00100014000000000000000159280000000035655710005000000000748770
00100014000000000000000159290000000021256140005000000000446379
00100014000000000000000159300000000037987190005000000000797731
00100014000000000000000159310000000035543620005000000000746416
00100014000000000000000159320000000054353430005000000001141422
00100014000000000000000159330000000060939190005000000001279723
00100014000000000000000159340000000042808380005000000000898976
00100014000000000000000159350000000007305380005000000000153413
00100014000000000000000159360000000203380140005000000004270983
00100014000000000000000159370000000200217000005000000004204557
00100014000000000000000159380000000014886140005000000000312609
00100014000000000000000159390000000025983620005000000000545656
00100014000000000000000159400000000016050000005000000000337050
00100014000000000000000159410000000027217670005000000000571571
00100014000000000000000159420000000029474380005000000000618962
00100014000000000000000159430000000013088190005000000000274852
00100051000000000000000003360000000108021570005000000002268453
00100052000000000000000003780000001461890000004000000015349845
00600014000000000000000042720000000007248100005000000000152210
00600014000000000000000042730000000018454050005000000000387535
00300011000000000000000005650000000077322620005000000001623775
00300014000000000000000025390000000005968140005000000000125331
00300014000000000000000025400000000010582760005000000000222238
00300014000000000000000025410000000010023810005000000000210500
00300051000000000000000000210000000035262480005000000000740512
00800014000000000000000007450000000018454050005000000000387535
00800014000000000000000007460000000012569240005000000000263954
00800014000000000000000007470000000013162430005000000000276411
00800014000000000000000007480000000000066760005000000000001402
00100008000000000000000000340000000028993380005000000000608861
00100011000000000000000116480000000128871000005000000002706291
00100011000000000000000116490000000132094190005000000002773978
00100011000000000000000116500000000154985760005000000003254701
00100011000000000000000116510000000042957000005000000000902097
00100011000000000000000116520000000128871000005000000002706291
00100014000000000000000159440000000025983620005000000000545656
00100014000000000000000159450000000069463000005000000001458723
00100014000000000000000159460000000027622900005000000000580081
00100014000000000000000159470000000034139710005000000000716934
00100014000000000000000159480000000022279100005000000000467861
00100014000000000000000159490000000103023050005000000002163484
00100014000000000000000159500000000008532100005000000000179174
00100014000000000000000159510000000042808380005000000000898976
00100052000000000000000003790000001096924570004000000011517708
00600014000000000000000042740000000035096330005000000000737023
00600014000000000000000042750000000025983620005000000000545656
00600014000000000000000042760000000003655860005000000000076773
00300008000000000000000000070000000007237760005000000000151993
00300014000000000000000025420000000014886140005000000000312609
00300014000000000000000025430000000013157620005000000000276310
00800014000000000000000007490000000013714000005000000000287994
00100011000000000000000116530000000244908330005000000005143075
00100011000000000000000116540000000049377670005000000001036931
00100014000000000000000159520000000003106480005000000000065236
00100014000000000000000159530000000003106480005000000000065236
00100014000000000000000159540000000004203950005000000000088283
00600011000000000000000002370000000022552900005000000000473611
00600014000000000000000042770000000051967190005000000001091311
00600014000000000000000042780000000028992330005000000000608839
00300011000000000000000005660000000049377670005000000001036931
00300014000000000000000025440000000004281100005000000000089903
00800014000000000000000007500000000162192330005000000003406039
