001000110000000000000001002980000000000200806763960000000409457900005000000008598616
001000110000000000000001003080000000000307096282550000000083544480005000000001754434
001000140000000000000001342680000000000307079913870000000234224810005000000004918721
001000140000000000000001342780000000000307140694180000000009028430005000000000189597
001000140000000000000001342880000000000200700168780000000019200100005000000000403202
001000140000000000000001342980000000000203634005830000000007045760005000000000147961
001000140000000000000001343080000000000200805251930000000008965760005000000000188281
001000140000000000000001343180000000000272849644250000000048668810005000000001022045
001000140000000000000001343280000000000307122725420000000078356900005000000001645495
001000140000000000000001343380000000000272775170060000000006120330005000000000128527
001000140000000000000001343480000000000307151027610000000044892810005000000000942749
006000140000000000000000372380000000000201746430410000000020018140005000000000420381
006000140000000000000000372480000000000201273341540000000037470810005000000000786887
006000140000000000000000372580000000000201669310380000000021108810005000000000443285
003000140000000000000000202880000000000337102111890000000-80223480005000000001684693
003000140000000000000000202980000000000305885772670000000-80223480005000000001684693
003000140000000000000000203080000000000231243301490000000-12568140005000000000263931
0080001400000000000000000623800000000002012733415400000000-2504670005000000000052598
002000140000000000000000004380000000000337102111890000000080223480005000000001684693
001000110000000000000001003180000000000305045493280000000125316670005000000002631650
001000110000000000000001003280000000000306209199220000000066377330005000000001393924
001000140000000000000001343580000000000272849644250000000018837760005000000000395593
001000140000000000000001343680000000000272849644250000000018837760005000000000395593
001000140000000000000001343780000000000272849644250000000031296050005000000000657217
001000140000000000000001343880000000000272849644250000000006293290005000000000132159
001000140000000000000001343980000000000272849644250000000008965760005000000000188281
001000140000000000000001344080000000000272400714820000000019679050005000000000413260
001000140000000000000001344180000000000305885772670000000148339620005000000003115132
001000140000000000000001344280000000000305885772670000000033017380005000000000693365
001000140000000000000001344380000000000272849644250000000008965760005000000000188281
001000140000000000000001344480000000000231422508290000000346813860005000000007283091
001000140000000000000001344580000000000202174667690000000009600050005000000000201601
001000140000000000000001344680000000000230709192490000000022458000005000000000471618
001000140000000000000001344780000000000202238799270000000013430670005000000000282044
001000140000000000000001344880000000000307110315760000000024576430005000000000516105
001000140000000000000001344980000000000307077288050000000074048620005000000001555021
001002000000000000000000002980000000000305154884790000000321533290005000000006752199
006000140000000000000000372680000000000306561350060000000031657000005000000000664797
006000140000000000000000372780000000000201040254990000000016455380005000000000345563
002000110000000000000000019580000000000307151027610000000000500000005000000000010500
002000110000000000000000019680000000000305234082470000000000500000005000000000010500
001000110000000000000001003380000000000337086687590000000065137670005000000001367891
001000110000000000000001003480000000000202853156710000000083544480005000000001754434
001000140000000000000001345080000000000200806763960000000024682860005000000000518340
001000140000000000000001345180000000000305050795700000000002814620005000000000059107
001000140000000000000001345280000000000305050795700000000024682860005000000000518340
001000140000000000000001345380000000000306441864970000000024682860005000000000518340
001000140000000000000001345480000000000202745488870000000002272760005000000000047728
001000140000000000000001345580000000000201652616240000000029454000005000000000618534
001000140000000000000001345680000000000305234082470000000024682860005000000000518340
001000160000000000000000072180000000000307077288050000000009576570005000000000201108
006000140000000000000000372880000000000272302042550000000002152900005000000000045211
00300014000000000000000020318000000000030710383126000000-483344570005000000010150236
00300014000000000000000020328000000000020263850980000000000-758620005000000000015931
00300014000000000000000020338000000000020162829840000000000-827860005000000000017385
0080001400000000000000000624800000000002723239204000000000-2468000005000000000051828
0080001400000000000000000625800000000002723239204000000000-2208330005000000000046375
0080001400000000000000000626800000000002012562300000000000-2091760005000000000043927
0080001400000000000000000627800000000002024200538500000000-2958480005000000000062128
0080001400000000000000000628800000000002012352517600000000-1048330005000000000022015
001000110000000000000001003580000000000305045493280000000125316670005000000002631650
001000110000000000000001003680000000000270425611990000000083544480005000000001754434
001000110000000000000001003780000000000271704089800000000041772240005000000000877217
001000140000000000000001345780000000000203185429110000000050666810005000000001064003
001000140000000000000001345880000000000203268740790000000022267950005000000000467627
001000140000000000000001345980000000000307110315760000000006088140005000000000127851
001000140000000000000001346080000000000270613398120000000048251760005000000001013287
001000140000000000000001346180000000000270613398120000000029454000005000000000618534
001000140000000000000001346280000000000272075305950000000020018140005000000000420381
001000140000000000000001346380000000000307105028180000000044769050005000000000940150
001000140000000000000001346480000000000202619242860000000046919950005000000000985319
001000140000000000000001346580000000000305234082470000000004913050005000000000103174
001000140000000000000001346680000000000202351866760000000027829520005000000000584420
006000140000000000000000372980000000000201362749030000000044701000005000000000938721
006000140000000000000000373080000000000203158837180000000029454000005000000000618534
006000140000000000000000373180000000000203158837180000000041305860005000000000867423
006000140000000000000000373280000000000203158837180000000034799860005000000000730797
006000140000000000000000373380000000000202723180510000000014088380005000000000295856
006000140000000000000000373480000000000202554378610000000024682860005000000000518340
006000140000000000000000373580000000000203158837180000000022231710005000000000466866
0030001400000000000000002034800000000002706067844300000000-1884430005000000000039573
008000140000000000000000062980000000000203158837180000000-34799860005000000000730797
00800014000000000000000006308000000000020123525176000000000-182900005000000000003841
001000110000000000000001003880000000000201652616240000000208861140005000000004386084
001000110000000000000001003980000000000307100802710000000167088900005000000003508867
001000140000000000000001346780000000000307097023900000000008733000005000000000183393
001000140000000000000001346880000000000307087245600000000024750900005000000000519769
001000140000000000000001346980000000000307160145640000000058908000005000000001237068
001000140000000000000001347080000000000307077288050000000020209950005000000000424409
001000140000000000000001347180000000000201356340940000000013448670005000000000282422
001000140000000000000001347280000000000305885772670000000035657330005000000000748804
001000140000000000000001347380000000000273282922170000000054884000005000000001152564
001000140000000000000001347480000000000202638509800000000055867950005000000001173227
001000140000000000000001347580000000000202305618780000000062976570005000000001322508
001000140000000000000001347680000000000307122725420000000037911140005000000000796134
001000140000000000000001347780000000000307122725420000000026722190005000000000561166
001000140000000000000001347880000000000202480270970000000003040860005000000000063858
001000140000000000000001347980000000000202287731590000000020258620005000000000425431
001000140000000000000001348080000000000202638509800000000043299810005000000000909296
001000160000000000000000072280000000000306496967360000000009576570005000000000201108
001000510000000000000000018680000000000201191038790000000018585380005000000000390293
006000110000000000000000018080000000000336386407890000004483008290005000000094143174
006000140000000000000000373680000000000200470778350000000028128620005000000000590701
006000140000000000000000373780000000000306562916520000000024682860005000000000518340
006000140000000000000000373880000000000202330291310000000015247380005000000000320195
006000140000000000000000373980000000000270587671960000000005580570005000000000117192
003000140000000000000000203580000000000202638509800000000-55867950005000000001173227
001000110000000000000001004080000000000202853156710000000132543290005000000002783409
001000110000000000000001004180000000000307087245600000000172047620005000000003613000
001000110000000000000001004280000000000306209199220000000041772240005000000000877217
001000110000000000000001004380000000000306800111990000000044251570005000000000929283
001000140000000000000001348180000000000202480270970000000012126330005000000000254653
001000140000000000000001348280000000000307101430440000000003006710005000000000063141
001000140000000000000001348380000000000202245156780000000058908000005000000001237068
001000160000000000000000072380000000000202245156780000000009576570005000000000201108
001000110000000000000001004480000000000306799781320000000086023810005000000001806500
001000110000000000000001004580000000000306856742260000000041772240005000000000877217
001000110000000000000001004680000000000306856742260000000104430570005000000002193042
001000110000000000000001004780000000000202296938680000000125316670005000000002631650
001000110000000000000001004880000000000307085873420000000062658330005000000001315825
001000110000000000000001004980000000000307152615170000000104430570005000000002193042
001000110000000000000001005080000000000231362890390000000125316670005000000002631650
001000140000000000000001348480000000000307142783860000000003006710005000000000063141
001000140000000000000001348580000000000204377235920000000007097710005000000000149052
001000140000000000000001348680000000000307122725420000000019217100005000000000403559
001000140000000000000001348780000000000307122725420000000019217100005000000000403559
001000140000000000000001348880000000000306971760430000000024387380005000000000512135
001000140000000000000001348980000000000201786671660000000004305810005000000000090422
001000140000000000000001349080000000000305045493280000000029454000005000000000618534
001000140000000000000001349180000000000307142783860000000003006710005000000000063141
001000140000000000000001349280000000000307073573350000000028549480005000000000599539
001000140000000000000001349380000000000307122725420000000002159140005000000000045342
001000140000000000000001349480000000000272775170060000000008535050005000000000179236
001000140000000000000001349580000000000209386195070000000002272760005000000000047728
001000140000000000000001349680000000000307122725420000000019017240005000000000399362
001000140000000000000001349780000000000305234082470000000020209950005000000000424409
001000160000000000000000072480000000000200737029690000000001695570005000000000035607
003000140000000000000000203680000000000307122725420000000-19217100005000000000403559
001000110000000000000001005180000000000307070895860000000041772240005000000000877217
001000110000000000000001005280000000000306972228000000000167088900005000000003508867
001000110000000000000001005380000000000202302714030000000446962860005000000009386220
001000110000000000000001005480000000000306441963520000000196464480005000000004125754
001000110000000000000001005580000000000307072718990000000196464480005000000004125754
001000110000000000000001005680000000000307083215390000000083544480005000000001754434
001000110000000000000001005780000000000202296938680000000009357000005000000000196497
001000140000000000000001349880000000000307150985510000000041664430005000000000874953
001000140000000000000001349980000000000270606784430000000019440900005000000000408259
001000140000000000000001350080000000000230709192490000000038672100005000000000812114
001000140000000000000001350180000000000202484308430000000020209950005000000000424409
001000140000000000000001350280000000000202484308430000000003044050005000000000063925
001000140000000000000001350380000000000271106489740000000003044050005000000000063925
001000140000000000000001350480000000000307150289360000000041600000005000000000873600
001000140000000000000001350580000000000307150985510000000244947620005000000005143900
001000140000000000000001350680000000000204377235920000000006063140005000000000127326
001000140000000000000001350780000000000272400714820000000020774290005000000000436260
001000140000000000000001350880000000000231190966690000000024682860005000000000518340
001000140000000000000001350980000000000202037022490000000011154520005000000000234245
001000140000000000000001351080000000000307150985510000000065455950005000000001374575
001000140000000000000001351180000000000202221598310000000044960860005000000000944178
001000140000000000000001351280000000000202221598310000000024682860005000000000518340
001000140000000000000001351380000000000203552061820000000009242190005000000000194086
001000140000000000000001351480000000000203552061820000000008911190005000000000187135
001000140000000000000001351580000000000307110315760000000008733000005000000000183393
001000140000000000000001351680000000000305234082470000000048650190005000000001021654
001000140000000000000001351780000000000307122725420000000034028240005000000000714593
006000140000000000000000374080000000000272179982260000000024682860005000000000518340
006000140000000000000000374180000000000272179982260000000032484290005000000000682170
006000140000000000000000374280000000000202853122650000000028030430005000000000588639
006000140000000000000000374380000000000272323920400000000008036290005000000000168762
0030001400000000000000002037800000000002043772359200000000-7097710005000000000149052
001000110000000000000001005880000000000307096282550000000122837330005000000002579584
001000110000000000000001005980000000000307074650490000000125316670005000000002631650
001000110000000000000001006080000000000307074650490000000083544480005000000001754434
001000110000000000000001006180000000000201347958760000000086023810005000000001806500
001000110000000000000001006280000000000202502207750000000208861140005000000004386084
001000110000000000000001006380000000000336295991990000000221257860005000000004646415
001000110000000000000001006480000000000307087245600000000208861140005000000004386084
001000110000000000000001006580000000000307103831260000000034409520005000000000722600
001000140000000000000001351880000000000337145766290000000033421860005000000000701859
001000140000000000000001351980000000000272585340800000000007122000005000000000149562
001000140000000000000001352080000000000273011766060000000202586000005000000004254306
001000140000000000000001352180000000000202967395540000000079301430005000000001665330
001000140000000000000001352280000000000201191569800000000061146570005000000001284078
001000140000000000000001352380000000000307122725420000000025622760005000000000538078
001000140000000000000001352480000000000305045493280000000108924050005000000002287405
001000140000000000000001352580000000000202773051950000000025870140005000000000543273
001000140000000000000001352680000000000305321497930000000022267950005000000000467627
001000160000000000000000072580000000000200737029690000000001695570005000000000035607
006000140000000000000000374480000000000201669310380000000009592620005000000000201445
006000140000000000000000374580000000000201126752140000000037408140005000000000785571
003000140000000000000000203880000000000273011766060000000-12188520005000000000255959
003000140000000000000000203980000000000307122725420000000-19017240005000000000399362
003000140000000000000000204080000000000201191569800000000-61146570005000000001284078
001000140000000000000001352780000000000271484652960000000020209950005000000000424409
001000140000000000000001352880000000000306971646570000000005546290005000000000116472
001000140000000000000001352980000000000200707553280000000023592670005000000000495446
001000140000000000000001353080000000000305110080300000000021375900005000000000448894
001000140000000000000001353180000000000201191569800000000057088240005000000001198853
001000140000000000000001353280000000000306754150870000000041664430005000000000874953
001000140000000000000001353380000000000306754150870000000041664430005000000000874953
001000140000000000000001353480000000000306754150870000000041664430005000000000874953
001000140000000000000001353580000000000307097023900000000004366480005000000000091696
001000140000000000000001353680000000000307097023900000000049433760005000000001038109
001000140000000000000001353780000000000307097023900000000003006710005000000000063141
001000160000000000000000072680000000000273799763900000000011829190005000000000248413
001000510000000000000000018780000000000271484652960000000004825380005000000000101333
001000510000000000000000018880000000000307151527340000000057856000005000000001214976
006000140000000000000000374680000000000201629850520000000022594140005000000000474477
006000140000000000000000374780000000000201235251760000000018837760005000000000395593
0030001400000000000000002041800000000003070238033900000000-7535100005000000000158237
0030001400000000000000002042800000000002006996709500000000-7017000005000000000147357
003000140000000000000000204380000000000202698191040000000-13231330005000000000277858
001000110000000000000001006680000000000307129920060000000132754710005000000002787849
001000110000000000000001006780000000000337145959090000000044251570005000000000929283
001000110000000000000001006880000000000306209199220000000041772240005000000000877217
001000110000000000000001006980000000000200700771760000001166390100005000000024494192
001000110000000000000001007080000000000307104269170000000127796050005000000002683717
001000110000000000000001007180000000000307070895860000001178786760005000000024754522
001000110000000000000001007280000000000307160145640000000818915710005000000017197230
001000110000000000000001007380000000000306209199220000000062658330005000000001315825
001000110000000000000001007480000000000200700771760000000260388290005000000005468154
001000140000000000000001353880000000000209364540980000000004849190005000000000101833
001000140000000000000001353980000000000273059811200000000036824480005000000000773314
001000140000000000000001354080000000000337086687590000000054030430005000000001134639
001000140000000000000001354180000000000200699670950000000067376810005000000001414913
001000140000000000000001354280000000000201356340940000000015071050005000000000316492
001000140000000000000001354380000000000201356340940000000008965760005000000000188281
001000140000000000000001354480000000000201347600290000000005345000005000000000112245
001000140000000000000001354580000000000305893361310000000044892810005000000000942749
001000140000000000000001354680000000000307071686480000000905000000005000000019005000
001000140000000000000001354780000000000307084968270000000002755520005000000000057866
001000140000000000000001354880000000000307077111550000000031846950005000000000668786
001000140000000000000001354980000000000202186757950000000024685810005000000000518402
001000140000000000000001355080000000000202238268660000000002627380005000000000055175
001000140000000000000001355180000000000201713695930000000005634050005000000000118315
001000140000000000000001355280000000000231110339190000000008396290005000000000176322
001000140000000000000001355380000000000307122725420000000050488670005000000001060262
001000140000000000000001355480000000000307122725420000000008631710005000000000181266
001000140000000000000001355580000000000202764018830000000006063140005000000000127326
001000510000000000000000018980000000000307070895860000000427312520005000000008973563
006000140000000000000000374880000000000201305179790000000006917190005000000000145261
006000140000000000000000374980000000000201746430410000000003445760005000000000072361
003000110000000000000000046580000000000306209199220000000-66377330005000000001393924
001000110000000000000001007580000000000306209199220000000062658330005000000001315825
001000110000000000000001007680000000000306209199220000000041772240005000000000877217
001000140000000000000001355680000000000305928813290000000052653330005000000001105720
001000140000000000000001355780000000000202063367070000000004913050005000000000103174
001000140000000000000001355880000000000307104442490000000004366480005000000000091696
001000140000000000000001355980000000000201191038790000000006818330005000000000143185
001000140000000000000001356080000000000201191932150000000113566430005000000002384895
001000140000000000000001356180000000000201191932150000000093753430005000000001968822
001000140000000000000001356280000000000307155537120000000057974240005000000001217459
001000140000000000000001356380000000000204377235920000000034730570005000000000729342
001000140000000000000001356480000000000204377235920000000024694480005000000000518584
001000140000000000000001356580000000000201254124170000000014091480005000000000295921
001000140000000000000001356680000000000200737029690000000006063140005000000000127326
001000140000000000000001356780000000000306496967360000000024682860005000000000518340
001000140000000000000001356880000000000307023803390000000188377810005000000003955934
001000140000000000000001356980000000000307122725420000000049424950005000000001037924
001000140000000000000001357080000000000307122725420000000004318290005000000000090684
001000160000000000000000072780000000000201191932150000000016955710005000000000356070
001000160000000000000000072880000000000307143721530000000040529520005000000000851120
006000140000000000000000375080000000000203772741650000000006063140005000000000127326
006000140000000000000000375180000000000202730105220000000025768570005000000000541140
FACA00015000000000000000000208000000000030546689979000000-169512810005000000003559769
FACA000150000000000000000002180000000000305466899790000000-49816000005000000001046136
FACA000150000000000000000002380000000000305466899790000000-89819760005000000001886215
0030001400000000000000002044800000000002007370296900000000-4390290005000000000092196
0030001400000000000000002045800000000002011919321500000000-7198430005000000000151167
001000110000000000000001007780000000000306223719670000000041772240005000000000877217
001000110000000000000001007880000000000307140573550000000045325950005000000000951845
001000140000000000000001357180000000000307089953270000000123093380005000000002584961
001000140000000000000001357280000000000306223719670000000010559000005000000000221739
001000140000000000000001357380000000000200697358520000000042024570005000000000882516
001000140000000000000001357480000000000200697358520000000012904900005000000000271003
001000140000000000000001357580000000000200697358520000000009584950005000000000201284
001000140000000000000001357680000000000202583745690000000022217000005000000000466557
001000140000000000000001357780000000000307074650490000000006818330005000000000143185
001000140000000000000001357880000000000306199952590000000053719000005000000001128099
001000140000000000000001357980000000000307085873420000000024044100005000000000504926
001000140000000000000001358080000000000307096282550000000020209950005000000000424409
001000140000000000000001358180000000000306441963520000000049433760005000000001038109
001000140000000000000001358280000000000201149508320000000004366480005000000000091696
001002000000000000000000003180000000000305154884790000000379887050005000000007977628
001000110000000000000001007980000000000307074650490000000127530620005000000002678143
001000140000000000000001358380000000000232563263290000000040419900005000000000848818
001000140000000000000001358480000000000307073382090000000055199760005000000001159195
001000140000000000000001358580000000000202967395540000000051668810005000000001085045
001000510000000000000000019080000000000201422587070000000039975000005000000000839475
006000140000000000000000375280000000000202405682850000000005511000005000000000115731
006000140000000000000000375380000000000202498144910000000004764290005000000000100050
0030001400000000000000002046800000000002017136959300000000-2627380005000000000055175
001000110000000000000001008080000000000307087245600000000215059520005000000004516250
001000110000000000000001008180000000000307144046830000000160477330005000000003370024
001000110000000000000001008280000000000307094791520000000208861140005000000004386084
001000110000000000000001008380000000000201191038790000000208861140005000000004386084
001000110000000000000001008480000000000200806763960000000204728900005000000004299307
001000110000000000000001008580000000000307087245600000000215059520005000000004516250
001000140000000000000001358680000000000231110339190000000002272760005000000000047728
001000140000000000000001358780000000000307114023530000000011503670005000000000241577
001000140000000000000001358880000000000307024021460000000004545570005000000000095457
001000140000000000000001358980000000000307072718990000000044892810005000000000942749
001000140000000000000001359080000000000305234082470000000017465950005000000000366785
001000140000000000000001359180000000000307129920060000000004366480005000000000091696
001000140000000000000001359280000000000307079913870000000234224810005000000004918721
001000140000000000000001359380000000000201435320040000000023422480005000000000491872
001000140000000000000001359480000000000232356403090000000041176710005000000000864711
001000140000000000000001359580000000000200700771760000000049070240005000000001030475
001000140000000000000001359680000000000200700771760000000103502620005000000002173555
001000140000000000000001359780000000000337158614590000000024750900005000000000519769
001000140000000000000001359880000000000307073382090000000008422900005000000000176881
006000140000000000000000375480000000000201273341540000000054724240005000000001149209
006000140000000000000000375580000000000273305090370000000014195430005000000000298104
006000140000000000000000375680000000000273305090370000000024682860005000000000518340
006000140000000000000000375780000000000202390318470000000008837620005000000000185590
FACA00015000000000000000000258000000000030546689979000000-329822620005000000006926275
0030001400000000000000002047800000000003371457662900000000-3342190005000000000070186
001000110000000000000001008680000000000200859005100000000208861140005000000004386084
001000110000000000000001008780000000000307080678370000000083544480005000000001754434
001000110000000000000001008880000000000306800111990000000088503140005000000001858566
001000110000000000000001008980000000000306971550970000000041772240005000000000877217
001000110000000000000001009080000000000305045493280000000543039000005000000011403819
001000140000000000000001359980000000000306800227350000000029117380005000000000611465
001000140000000000000001360080000000000202987806320000000029454000005000000000618534
001000160000000000000000072980000000000305045493280000002103760000005000000044178960
001000510000000000000000019180000000000306800227350000000161590000005000000003393390
001000110000000000000001009180000000000307088922770000000208861140005000000004386084
001000110000000000000001009280000000000231362890390000000208861140005000000004386084
001000110000000000000001009380000000000306223719670000000046557380005000000000977705
001000140000000000000001360180000000000306754150870000000046844950005000000000983744
001000140000000000000001360280000000000306754150870000000046844950005000000000983744
001000140000000000000001360380000000000233112843390000000026776760005000000000562312
001000140000000000000001360480000000000231029458590000000039245330005000000000824152
001000140000000000000001360580000000000307079279480000000024682860005000000000518340
001000140000000000000001360680000000000307143323480000000016692860005000000000350550
001000140000000000000001360780000000000306392270960000000009586760005000000000201322
001000140000000000000001360880000000000337145632090000000008286190005000000000174010
001000140000000000000001360980000000000305055176320000000044966380005000000000944294
0030001400000000000000002048800000000003070240214600000000-4545570005000000000095457
0030001400000000000000002049800000000003068565532900000000-4339950005000000000091139
0030001400000000000000002050800000000003068565532900000000-2001810005000000000042038
001000110000000000000001009480000000000231362890390000000208861140005000000004386084
001000110000000000000001009580000000000201215647780000000281210670005000000005905424
001000110000000000000001009680000000000307155737210000000265384100005000000005573066
001000110000000000000001009780000000000307093395980000001538657860005000000032311815
001000140000000000000001361080000000000306462683930000000100881670005000000002118515
001000140000000000000001361180000000000307079279480000000024750900005000000000519769
003000110000000000000000046680000000000201215647780000000-12796330005000000000268723
003000140000000000000000205180000000000307023803390000000-28256670005000000000593390
003000140000000000000000205280000000000307079279480000000-24682860005000000000518340
001000110000000000000001009880000000000307074650490000000041772240005000000000877217
001000110000000000000001009980000000000202296938680000000250633380005000000005263301
001000140000000000000001361280000000000202745488870000000002755520005000000000057866
003000140000000000000000205380000000000232356403090000000-41176710005000000000864711
001000110000000000000001010080000000000231362890390000000125316670005000000002631650
001000140000000000000001361380000000000306917786880000000024682860005000000000518340
001000140000000000000001361480000000000307110315760000000072690710005000000001526505
001000510000000000000000019280000000000306392270960000000085535140005000000001796238
006000140000000000000000375880000000000201348557200000000005296240005000000000111221
006000140000000000000000375980000000000201273341540000000018837760005000000000395593
006000140000000000000000376080000000000201348557200000000003146620005000000000066079
FACA000150000000000000000002680000000000305466899790000000-69432900005000000001458091
FACA000150000000000000000002780000000000305466899790000000-13525900005000000000284044
