001000150000000000000001861180000000000307023600600000000008000000005000000000168000
001000150000000000000001861280000000000307023600600000000008000000005000000000168000
001000150000000000000001875280000000000307023600600000000008000000005000000000168000
001000150000000000000001875380000000000307023600600000000008000000005000000000168000
001050250000000000000000148380000000000305154884790000000032382100005000000000680024
001000010000000000000002045880000000000305000017350000000001689000005000000000035469
001000010000000000000002045880000000000305000017350000000002236000004000000000023478
001000010000000000000000985580000000000305000017350000000001126000005000000000023646
001000010000000000000000985580000000000305000017350000000001148480004000000000012059
001000100000000000000000202080000000000305000100840000000001650000005000000000034650
001020170000000000000002395680000000000305466899790000000000163000005000000000003423
001000010000000000000003681880000000000305000109120000000003387000005000000000071127
001000040000000000000005588880000000000307070022940000000099439620004000000001044116
001000040000000000000005588980000000000307070022940000000068879140004000000000723231
001000280000000000000004289980000000000307070022940000000010717050004000000000112529
001000350000000000000003619880000000000307070022940000000004015620004000000000042164
001000010000000000000001875080000000000305000084540000000000004140005000000000000087
001000010000000000000001797780000000000305000084540000000000006520005000000000000137
001000010000000000000001872180000000000305000084540000000000057100005000000000001199
001000010000000000000001874280000000000305000084540000000000040190005000000000000844
001000010000000000000001837880000000000305000084540000000000133290005000000000002799
001000010000000000000001873580000000000305000084540000000000047710005000000000001002
001000010000000000000001839880000000000305000084540000000000035100005000000000000737
001000010000000000000001873280000000000305000084540000000000867240005000000000018212
001000010000000000000001875880000000000305000084540000000000642140005000000000013485
001000050000000000000000015680000000000307101430440000000099173570005000000002082645
001020170000000000000003088280000000000305466899790000001478584240005000000031050269
001000360000000000000000957880000000000307080811120000000001350000005000000000028350
001000360000000000000000958680000000000307080811120000000001350000005000000000028350
001000360000000000000000958880000000000307080811120000000001350000005000000000028350
001000360000000000000000959180000000000307080811120000000001350000005000000000028350
001000360000000000000000959280000000000307080811120000000001350000005000000000028350
001000360000000000000000959380000000000307080811120000000001350000005000000000028350
001000360000000000000000959480000000000307080811120000000001350000005000000000028350
001000050000000000000002645580000000000307099695830000000008760330005000000000183967
001000040000000000000000249280000000000202619009130000000004388430005000000000092157
001000010000000000000001880080000000000305000084540000000000009000005000000000000189
001000010000000000000001843180000000000305000084540000000000010380005000000000000218
001000010000000000000001879480000000000305000084540000000000022050005000000000000463
001000010000000000000001802080000000000305000084540000000000048100005000000000001010
001000010000000000000001877480000000000305000084540000000000186050005000000000003907
001000010000000000000001879080000000000305000084540000000000063000005000000000001323
001000010000000000000001878680000000000305000084540000000000749140005000000000015732
001000010000000000000001880780000000000305000084540000000001045100005000000000021947
001020170000000000000003130880000000000305466899790000001556592860005000000032688450
001020170000000000000003125980000000000305466899790000001556943000005000000032695803
001000020000000000000002947780000000000305692650760000000007100000005000000000149100
001000020000000000000002948380000000000305692650760000000007100000005000000000149100
001000020000000000000000063580000000000272323907490000000004942140005000000000103785
001000070000000000000000395180000000000232563263290000000003817190005000000000080161
001000020000000000000000207980000000000307164003320000000002015290005000000000042321
001000030000000000000000114480000000000307164003320000000000785140005000000000016488
001000010000000000000001847280000000000305000084540000000000019520005000000000000410
001000010000000000000001882280000000000305000084540000000000053100005000000000001115
001000010000000000000001884780000000000305000084540000000000032520005000000000000683
001000010000000000000001884480000000000305000084540000000000033760005000000000000709
001000010000000000000001847180000000000305000084540000000000066290005000000000001392
001000010000000000000001882080000000000305000084540000000000859100005000000000018041
001000010000000000000001848680000000000305000084540000000000055240005000000000001160
001000010000000000000001883880000000000305000084540000000000176380005000000000003704
001000010000000000000001883480000000000305000084540000000002046100005000000000042968
001000010000000000000001886180000000000305000084540000000002192950005000000000046052
001000020000000000000000207780000000000307157529360000000022880000005000000000480480
001020200000000000000000828180000000000305466899790000000007715140005000000000162018
001020200000000000000000828280000000000305466899790000000079190330005000000001662997
001020200000000000000000828380000000000305466899790000000017269380005000000000362657
001020200000000000000000828080000000000305466899790000000648288380005000000013614056
001000110000000000000001002380000000000306972327680000000007094000005000000000148974
001000010000000000000001889780000000000305000084540000000000010380005000000000000218
001000010000000000000001887980000000000305000084540000000000045000005000000000000945
001000010000000000000001887780000000000305000084540000000000086330005000000000001813
001000010000000000000001889580000000000305000084540000000000054860005000000000001152
001000010000000000000001852480000000000305000084540000000000107900005000000000002266
001000010000000000000001889280000000000305000084540000000000067330005000000000001414
001000010000000000000001888980000000000305000084540000000000722330005000000000015169
001000040000000000000002255380000000000305629093420000000011480710005000000000241095
001000320000000000000000600580000000000306754245740000000014181860005000000000297819
001020200000000000000000849780000000000305466899790000001213160000005000000025476360
001020200000000000000000847880000000000305466899790000001430520000005000000030040920
001020190000000000000003918080000000000305466899790000000093320000005000000001959720
001020200000000000000000849380000000000305466899790000000245332140005000000005151975
003025500000000000000006108080000000000305466899790000002900294240005000000060906179
001000060000000000000000946780000000000307085463010000000039289240005000000000825074
001000060000000000000000011180000000000271693306410000000005500000005000000000115500
001000690000000000000000277180000000000305835167900000000000623520005000000000013094
001000010000000000000001783680000000000305000084540000000000038710005000000000000813
001000040000000000000001108880000000000307140143460000000019265520005000000000404576
001002330000000000000000057880000000000305166259680000000026311430005000000000552540
001020190000000000000003946880000000000305466899790000000885943100005000000018604805
001020190000000000000003946780000000000305466899790000000859949620005000000018058942
001020200000000000000000883080000000000305466899790000000208040810005000000004368857
001020200000000000000000882880000000000305466899790000000042657050005000000000895798
001020200000000000000000882780000000000305466899790000000095406950005000000002003546
001020260000000000000000039080000000000305466899790000003249676670005000000068243210
001020200000000000000000882980000000000305466899790000000033842190005000000000710686
001020170000000000000003265980000000000305466899790000001556865190005000000032694169
001003310000000000000004020780000000000305799390080000000006000050005000000000126001
001000090000000000000000090780000000000337111404390000000026663620005000000000559936
001000460000000000000001539580000000000305318781710000000001586760005000000000033322
001000320000000000000000166280000000000307023838500000000056110520005000000001178321
001000020000000000000000208980000000000307157529360000000022880000005000000000480480
001000010000000000000001894980000000000305000084540000000000003050005000000000000064
001000010000000000000001818080000000000305000084540000000000008670005000000000000182
001000010000000000000001892280000000000305000084540000000000025190005000000000000529
001000010000000000000001894280000000000305000084540000000000029520005000000000000620
001000010000000000000001856880000000000305000084540000000000040290005000000000000846
001000010000000000000001892080000000000305000084540000000000216000005000000000004536
001000010000000000000001893280000000000305000084540000000000004950005000000000000104
001000010000000000000001893180000000000305000084540000000000509900005000000000010708
001000010000000000000001895480000000000305000084540000000000484290005000000000010170
001020190000000000000003965080000000000305466899790000000889553290005000000018680619
001020170000000000000003376180000000000305466899790000001478311900005000000031044550
001000070000000000000001312180000000000307088491340000000007343570005000000000154215
001000070000000000000005239680000000000305000017350000000010246570004000000000107589
001000070000000000000000066080000000000231080011190000000000640520005000000000013451
001000010000000000000001897080000000000305000084540000000000003620005000000000000076
001000010000000000000004734080000000000305000084540000000000006520005000000000000137
001000010000000000000001898880000000000305000084540000000000023430005000000000000492
001000010000000000000001899080000000000305000084540000000000032520005000000000000683
001000010000000000000001896880000000000305000084540000000000094190005000000000001978
001000010000000000000001861880000000000305000084540000000000103430005000000000002172
001000010000000000000001898180000000000305000084540000000000002140005000000000000045
001000010000000000000001898380000000000305000084540000000000072000005000000000001512
001000010000000000000001898080000000000305000084540000000000621330005000000000013048
001000010000000000000001899980000000000305000084540000000000565240005000000000011870
001000010000000000000004285180000000000306511290830000000006522430005000000000136971
001000010000000000000001177280000000000307023975330000000516776860005000000010852314
001000210000000000000000031780000000000307165074550000000006468290005000000000135834
001000210000000000000000031880000000000307165074550000000011206380005000000000235334
001000210000000000000000031880000000000307165074550000000001679710004000000000017637
001020190000000000000003984180000000000305466899790000000879444710005000000018468339
001066840000000000000000183780000000000337076750690000000000934710005000000000019629
001000010000000000000003800680000000000305000109120000000001819710005000000000038214
001000010000000000000001827780000000000305000084540000000000005190005000000000000109
001000010000000000000001866280000000000305000084540000000000041620005000000000000874
001000010000000000000001901880000000000305000084540000000000104380005000000000002192
001000010000000000000001905180000000000305000084540000000000133950005000000000002813
001000010000000000000001866180000000000305000084540000000000160240005000000000003365
001000010000000000000001901480000000000305000084540000000000817240005000000000017162
001000010000000000000001867380000000000305000084540000000000048100005000000000001010
001000010000000000000001904280000000000305000084540000000000340290005000000000007146
001000010000000000000001903680000000000305000084540000000003573290005000000000075039
001000010000000000000001907180000000000305000084540000000002251620005000000000047284
003020190000000000000002897180000000000305466899790000000002841430005000000000059670
001000450000000000000001584580000000000307072119420000000028616670005000000000600950
001000060000000000000001938280000000000202141526070000000002577950005000000000054137
001000070000000000000000204780000000000202141526070000000008186760005000000000171922
001000010000000000000000623280000000000200809964120000000002148860005000000000045126
001000120000000000000003953180000000000200809964120000000001363620005000000000028636
001000130000000000000002644980000000000200809964120000000001380100005000000000028982
001000070000000000000000397280000000000232563263290000000001318000005000000000027678
001000070000000000000000397580000000000232563263290000000000084240005000000000001769
001000070000000000000000397680000000000232563263290000000000359290005000000000007545
001000080000000000000001976580000000000307099536010000000000745810005000000000015662
001000210000000000000003508480000000000305334935600000000000775190005000000000016279
001000010000000000000001911680000000000305000084540000000000037330005000000000000784
001000010000000000000001909180000000000305000084540000000000166330005000000000003493
001000010000000000000001911880000000000305000084540000000000123520005000000000002594
001000010000000000000001869680000000000305000084540000000000158570005000000000003330
001000010000000000000001910880000000000305000084540000000000006330005000000000000133
001000010000000000000001911180000000000305000084540000000000029710005000000000000624
001000010000000000000001913580000000000305000084540000000000032380005000000000000680
001000010000000000000001870880000000000305000084540000000000039670005000000000000833
001000010000000000000001910680000000000305000084540000000000780140005000000000016383
001000010000000000000001913280000000000305000084540000000000646000005000000000013566
001020200000000000000000883180000000000305466899790000000177789860005000000003733587
001020200000000000000000956180000000000305466899790000000043143810005000000000906020
001020200000000000000000956280000000000305466899790000000011768900005000000000247147
001020200000000000000000956080000000000305466899790000000018591810005000000000390428
001020200000000000000000956380000000000305466899790000000125994760005000000002645890
001020170000000000000003512080000000000305466899790000001478623140005000000031051086
001000050000000000000004057180000000000306288215060000000002367760005000000000049723
001000050000000000000003935180000000000306288215060000000002520670005000000000052934
001000020000000000000005728080000000000272133486930000000004751380005000000000099779
001000010000000000000000631280000000000307116207840000000001357520004000000000014254
001000090000000000000000191780000000000307116207840000000000868050005000000000018229
001000010000000000000001285980000000000305000017350000000001462480005000000000030712
001000010000000000000001285980000000000305000017350000000002742570004000000000028797
001000010000000000000001838080000000000305000084540000000000032520005000000000000683
001000010000000000000001915280000000000305000084540000000000068380005000000000001436
001000010000000000000001874780000000000305000084540000000000102710005000000000002157
001000010000000000000001917280000000000305000084540000000000132810005000000000002789
001000010000000000000001915180000000000305000084540000000000262810005000000000005519
001000010000000000000001916780000000000305000084540000000000082430005000000000001731
001000010000000000000001917980000000000305000084540000000000429950005000000000009029
001000010000000000000001916480000000000305000084540000000000771140005000000000016194
001000040000000000000001127480000000000307140143460000000002450000005000000000051450
001020200000000000000000985580000000000305466899790000000384433900005000000008073112
001020200000000000000000985680000000000305466899790000000294626760005000000006187162
003000360000000000000001137980000000000307080811120000000001350000005000000000028350
003000360000000000000001138080000000000307080811120000000001350000005000000000028350
003000360000000000000001138180000000000307080811120000000001350000005000000000028350
003000360000000000000001138280000000000307080811120000000001350000005000000000028350
003000360000000000000001138380000000000307080811120000000001350000005000000000028350
003000360000000000000001138480000000000307080811120000000001350000005000000000028350
003000360000000000000001138580000000000307080811120000000001350000005000000000028350
003000360000000000000001138680000000000307080811120000000001350000005000000000028350
003000360000000000000001138780000000000307080811120000000001350000005000000000028350
003000360000000000000001138880000000000307080811120000000001350000005000000000028350
003000360000000000000001138980000000000307080811120000000001350000005000000000028350
003000360000000000000001139080000000000307080811120000000001350000005000000000028350
001000040000000000000000210080000000000202028522550000000001471100005000000000030893
001000560000000000000002302280000000000305318781710000000001157050005000000000024298
001000010000000000000000056380000000000307167296280000000002492710005000000000052347
001000030000000000000002006280000000000307097371190000000005371900005000000000112810
001000260000000000000003022080000000000306856942860000000001957050005000000000041098
001000010000000000000001920380000000000305000084540000000000007000005000000000000147
001000010000000000000001922880000000000305000084540000000000048290005000000000001014
001000010000000000000001920080000000000305000084540000000000234670005000000000004928
001000010000000000000001879780000000000305000084540000000000636900005000000000013375
001000010000000000000001881080000000000305000084540000000000111810005000000000002348
001000010000000000000001922280000000000305000084540000000000180430005000000000003789
001000010000000000000001921780000000000305000084540000000000742190005000000000015586
001000010000000000000001924180000000000305000084540000000000690050005000000000014491
001000110000000000000000992680000000000307115698430000000003650000005000000000076650
001010000000000000000002224380000000000307151234830000000004090900005000000000085909
001020200000000000000001016880000000000305466899790000000381341520005000000008008172
001020200000000000000001021480000000000305466899790000000416555810005000000008747672
001020200000000000000001016780000000000305466899790000000257206100005000000005401328
001020200000000000000001021580000000000305466899790000000099010950005000000002079230
001020200000000000000001021380000000000305466899790000000204597810005000000004296554
001020170000000000000003879080000000000305466899790000001556631760005000000032689267
003025500000000000000006464280000000000305466899790000000663947100005000000013942889
001000030000000000000002875280000000000305000017350000000011490290004000000000120648
001000040000000000000002620880000000000201466182280000000000462810005000000000009719
001000010000000000000001925880000000000305000084540000000000045000005000000000000945
001000010000000000000001847480000000000305000084540000000000039000005000000000000819
001000010000000000000001928280000000000305000084540000000000070430005000000000001479
001000010000000000000001925680000000000305000084540000000000156480005000000000003286
001000010000000000000001885180000000000305000084540000000000239380005000000000005027
001000010000000000000001927480000000000305000084540000000000002290005000000000000048
001000010000000000000001927880000000000305000084540000000000111140005000000000002334
001000010000000000000001886880000000000305000084540000000000324760005000000000006820
001000010000000000000001927180000000000305000084540000000000987430005000000000020736
001000010000000000000001929480000000000305000084540000000001085520005000000000022796
001050250000000000000000149080000000000305154884790000000021714480005000000000456004
001020190000000000000004111680000000000305466899790000000686502240005000000014416547
001020200000000000000001030280000000000305466899790000000038646810005000000000811583
001020200000000000000001029980000000000305466899790000000045654190005000000000958738
001020200000000000000001030180000000000305466899790000000255606570005000000005367738
001020200000000000000001030380000000000305466899790000000124795240005000000002620700
001020200000000000000001029880000000000305466899790000000062048670005000000001303022
001020200000000000000001030080000000000305466899790000000201111100005000000004223333
001020200000000000000001029780000000000305466899790000000340383100005000000007148045
001000110000000000000000227780000000000307075926600000000007738000005000000000162498
001000120000000000000000043280000000000307077739160000000010720000005000000000225120
001000120000000000000000043380000000000307077739160000000050670000005000000001064070
001063640000000000000006474480000000000306781864450000000015995240005000000000335900
001063640000000000000006474480000000000306781864450000000001940890006000000000052404
001082020000000000000004567380000000000306394537380000000000665930006000000000017980
001082020000000000000000404280000000000306394537380000000000660700006000000000017839
001000040000000000000000111880000000000200825378300000000218408000005000000004586568
001000010000000000000001852580000000000305000084540000000000004670005000000000000098
001000010000000000000001934380000000000305000084540000000000087000005000000000001827
001000010000000000000001889880000000000305000084540000000000117480005000000000002467
001000010000000000000001931380000000000305000084540000000000570950005000000000011990
001000010000000000000001933180000000000305000084540000000000001950005000000000000041
001000010000000000000001933480000000000305000084540000000000076950005000000000001616
001000010000000000000001891180000000000305000084540000000000079290005000000000001665
001000010000000000000001932980000000000305000084540000000002659000005000000000055839
001000010000000000000001936280000000000305000084540000000001897000005000000000039837
003000020000000000000000222380000000000307140143460000000011700000005000000000245700
001020190000000000000004130780000000000305466899790000000879444710005000000018468339
002020240000000000000002066980000000000305466899790000000001292240005000000000027137
002020240000000000000002067280000000000305466899790000000002521810005000000000052958
002020240000000000000002067180000000000305466899790000000004420760005000000000092836
002020240000000000000002067080000000000305466899790000000008097620004000000000085025
001000010000000000000001894680000000000305000084540000000000038330005000000000000805
001000010000000000000001937880000000000305000084540000000000137000005000000000002877
001000010000000000000001940080000000000305000084540000000000070480005000000000001480
001000010000000000000001894580000000000305000084540000000000183330005000000000003850
001000010000000000000001939780000000000305000084540000000000135000005000000000002835
001000010000000000000001939380000000000305000084540000000000569330005000000000011956
001000010000000000000001940880000000000305000084540000000000637570005000000000013389
001000180000000000000000324380000000000306414281040000000042975190005000000000902479
001000010000000000000002210380000000000307124014660000000006632710005000000000139287
001000370000000000000003759680000000000306235733180000000013293330005000000000279160
001020200000000000000001086680000000000305466899790000000038646810005000000000811583
001020170000000000000004015380000000000305466899790000001556359430005000000032683548
001000010000000000000000013880000000000232354668990000000024519860005000000000514917
001000070000000000000000013380000000000202311799340000000017027670005000000000357581
001000010000000000000001862080000000000305000084540000000000027100005000000000000569
001000010000000000000001942280000000000305000084540000000000107240005000000000002252
001000010000000000000001899280000000000305000084540000000000084100005000000000001766
001000010000000000000001944480000000000305000084540000000000103190005000000000002167
001000010000000000000001943880000000000305000084540000000000030620005000000000000643
001000010000000000000001945380000000000305000084540000000000317380005000000000006665
001000010000000000000001943380000000000305000084540000000001064430005000000000022353
001000180000000000000000695280000000000307144509280000000002500000005000000000052500
001000030000000000000001714780000000000307098939000000000008715000005000000000183015
001000460000000000000001645680000000000305318781710000000001619860005000000000034017
001000040000000000000001145880000000000307140143460000000004248290005000000000089214
001000020000000000000000035080000000000201435206180000000006500000005000000000136500
001000070000000000000001334580000000000307088491340000000009866000005000000000207186
001000020000000000000000238680000000000305466899790000000000520670005000000000010934
001000050000000000000000111180000000000307143721530000000014100100004000000000148051
001000110000000000000001820180000000000307143721530000000001904950005000000000040004
001000040000000000000000953080000000000307114578240000000001675330005000000000035182
001000090000000000000000196780000000000307116207840000000000908860005000000000019086
001000010000000000000001949380000000000305000084540000000000067290005000000000001413
001000010000000000000001947280000000000305000084540000000000421050005000000000008842
001000010000000000000001905580000000000305000084540000000000291380005000000000006119
001000010000000000000001948780000000000305000084540000000000033290005000000000000699
001000010000000000000001908080000000000305000084540000000000118290005000000000002484
001000010000000000000001948380000000000305000084540000000000767760005000000000016123
001000010000000000000001950580000000000305000084540000000000539330005000000000011326
001000110000000000000000998180000000000307115698430000000008325330005000000000174832
001000010000000000000000648580000000000307165074550000000001043000005000000000021903
001020190000000000000004199080000000000305466899790000000712375430005000000014959884
001020190000000000000004198980000000000305466899790000000893885520005000000018771596
001020200000000000000001136580000000000305466899790000000010950330005000000000229957
001020200000000000000001136780000000000305466899790000000011810900005000000000248029
001020200000000000000001136680000000000305466899790000000055029190005000000001155613
001020200000000000000001136880000000000305466899790000000022561430005000000000473790
001020200000000000000001137080000000000305466899790000000271889480005000000005709679
001020200000000000000001136980000000000305466899790000000237591520005000000004989422
001020170000000000000004198680000000000305466899790000001400886860005000000029418624
001000350000000000000000411380000000000306576119360000000005128330005000000000107695
001000020000000000000000103780000000000202021986600000000005788190005000000000121552
001000010000000000000001869880000000000305000084540000000000011050005000000000000232
001000010000000000000001911980000000000305000084540000000000032520005000000000000683
001000010000000000000001912080000000000305000084540000000000044190005000000000000928
001000010000000000000001954580000000000305000084540000000000058620005000000000001231
001000010000000000000001952080000000000305000084540000000000274100005000000000005756
001000010000000000000001913980000000000305000084540000000000037710005000000000000792
001000010000000000000001953780000000000305000084540000000001106670005000000000023240
001000010000000000000001955480000000000305000084540000000001248430005000000000026217
001020200000000000000001161680000000000305466899790000000012843380005000000000269711
001020200000000000000001161480000000000305466899790000001710071240005000000035911496
001020200000000000000001164380000000000305466899790000000186146000005000000003909066
001020200000000000000001165380000000000305466899790000000466622520005000000009799073
001020200000000000000001161780000000000305466899790000001098314760005000000023064610
001020200000000000000001166180000000000305466899790000000166410190005000000003494614
001020200000000000000001161580000000000305466899790000000309270140005000000006494673
001020170000000000000004250480000000000305466899790000001749683950005000000036743363
001000450000000000000001592380000000000307072119420000000006219000005000000000130599
001000450000000000000001592680000000000307072119420000000021667860005000000000455025
001000020000000000000000143180000000000201749408950000000215556950005000000004526696
001000010000000000000001960980000000000305000084540000000000007670005000000000000161
001000010000000000000001874880000000000305000084540000000000005330005000000000000112
001000010000000000000001917380000000000305000084540000000000011710005000000000000246
001000010000000000000001960280000000000305000084540000000000232140005000000000004875
001000010000000000000001956880000000000305000084540000000000846330005000000000017773
001000010000000000000001959080000000000305000084540000000000002290005000000000000048
001000010000000000000001918580000000000305000084540000000000039000005000000000000819
001000010000000000000001958780000000000305000084540000000003459760005000000000072655
001000010000000000000001961780000000000305000084540000000003448620005000000000072421
001000040000000000000002268780000000000305629093420000000002823860005000000000059301
001020190000000000000004237280000000000305466899790000000420525000005000000008831025
001020170000000000000004297380000000000305466899790000001506251670005000000031631285
001000120000000000000002692480000000000306972327680000000066038710005000000001386813
001000040000000000000000199780000000000202028522550000000001471100005000000000030893
001000040000000000000000204880000000000202028522550000000001471100005000000000030893
001000390000000000000000073280000000000305271819990000000007948670005000000000166922
001045100000000000000000148680000000000305903607630000000012695380005000000000266603
001045100000000000000000148680000000000305903607630000000000871810004000000000009154
001000330000000000000000013080000000000305261438130000000004274380005000000000089762
001000020000000000000000138980000000000203360857570000000059407000005000000001247547
001000010000000000000001966680000000000305000084540000000000003570005000000000000075
001000010000000000000001963780000000000305000084540000000000040520005000000000000851
001000010000000000000001879980000000000305000084540000000000040670005000000000000854
001000010000000000000001963480000000000305000084540000000000083190005000000000001747
001000010000000000000001966080000000000305000084540000000000103000005000000000002163
001000010000000000000001922980000000000305000084540000000000116050005000000000002437
001000010000000000000001965180000000000305000084540000000000001900005000000000000040
001000010000000000000001965680000000000305000084540000000000051760005000000000001087
001000010000000000000001924880000000000305000084540000000000117000005000000000002457
001000010000000000000001964980000000000305000084540000000000601860005000000000012639
001000010000000000000001967580000000000305000084540000000000509620005000000000010702
001000010000000000000004466680000000000306511290830000000231351000005000000004858371
001000040000000000000001159980000000000307140143460000000000500000005000000000010500
001000040000000000000001159680000000000307140143460000000030774520005000000000646265
002020240000000000000002122880000000000305466899790000000000966480005000000000020296
002020240000000000000002123380000000000305466899790000000001631670005000000000034265
002020240000000000000002123680000000000305466899790000000004250290005000000000089256
002020240000000000000002123580000000000305466899790000000009529620004000000000100061
002020240000000000000002123480000000000305466899790000000009708430005000000000203877
002020240000000000000002123780000000000305466899790000000015675860005000000000329193
003025500000000000000000156180000000000305466899790000000684842760005000000014381698
001020170000000000000004348280000000000305466899790000001585592760005000000033297448
001000090000000000000000094880000000000337111404390000000100123950005000000002102603
001000460000000000000001689380000000000305318781710000000001851240005000000000038876
001000110000000000000000202080000000000305000084540000000001483000005000000000031143
001000110000000000000000202080000000000305000017350000000003569000005000000000074949
001000110000000000000000202080000000000305000017350000000339321710004000000003562878
001000030000000000000000001080000000000201749498680000000125000000005000000002625000
001000040000000000000000039580000000000202351917770000000004700000005000000000098700
001000040000000000000000039480000000000202351917770000000033000000005000000000693000
001000030000000000000000008380000000000203081339910000000063350000005000000001330350
001000010000000000000001885380000000000305000084540000000000114240005000000000002399
001000010000000000000001969180000000000305000084540000000000214100005000000000004496
001000010000000000000001928580000000000305000084540000000000206100005000000000004328
001000010000000000000001930080000000000305000084540000000000082570005000000000001734
001000010000000000000001970480000000000305000084540000000000458380005000000000009626
001000010000000000000001972180000000000305000084540000000000651570005000000000013683
001021720000000000000001947080000000000305466899790000000000255290005000000000005361
001021720000000000000002344480000000000305466899790000000012066710005000000000253401
001020200000000000000001257280000000000305466899790000000038758520005000000000813929
001020200000000000000001257680000000000305466899790000000004235000005000000000088935
001020200000000000000001257180000000000305466899790000000004418760005000000000092794
001020200000000000000001257380000000000305466899790000000053805860005000000001129923
001020200000000000000001257580000000000305466899790000000127451330005000000002676478
001020200000000000000001257080000000000305466899790000000725692950005000000015239552
001020200000000000000001257480000000000305466899790000001212049430005000000025453038
002020240000000000000002141880000000000305466899790000000004111050005000000000086332
002020240000000000000002138680000000000305466899790000000004111050005000000000086332
002020240000000000000002146280000000000305466899790000000009789950005000000000205589
002020240000000000000002146180000000000305466899790000000028847140004000000000302895
003020240000000000000002487680000000000305466899790000000004111050005000000000086332
001020170000000000000004455980000000000305466899790000001585553140005000000033296616
001000060000000000000000779880000000000336444320390000004333192240005000000090997037
001000020000000000000000155080000000000271704119730000000052000000005000000001092000
060000150000000000000000019280000000000201234567860000000156620000005000000003289020
060000150000000000000000019380000000000305466899790000000021023570005000000000441495
060000150000000000000000019480000000000305466899790000000056219380005000000001180607
060000150000000000000000019580000000000305466899790000000069687100005000000001463429
060000150000000000000000019680000000000305466899790000000100086240005000000002101811
060000150000000000000000019780000000000305466899790000000044819520005000000000941210
060000150000000000000000019880000000000305466899790000000017153140005000000000360216
060000150000000000000000019980000000000305466899790000000904460670004000000009496837
060000150000000000000000020080000000000305466899790000000861476860004000000009045507
060000150000000000000000020180000000000305466899790000000076723240005000000001611188
060000150000000000000000020280000000000305466899790000000083872520005000000001761323
060000150000000000000000020380000000000305466899790000000039025380005000000000819533
060000150000000000000000020480000000000305466899790000000033607430004000000000352878
060000150000000000000000020580000000000305466899790000000467633520004000000004910152
060000150000000000000000020680000000000305466899790000000001721050004000000000018071
060000150000000000000000020780000000000305466899790000000004098760004000000000043037
060000150000000000000000020880000000000305466899790000000003962190004000000000041603
060000150000000000000000020980000000000305466899790000000403401620004000000004235717
060000150000000000000000021080000000000305466899790000000579676570005000000012173208
060000150000000000000000021180000000000305466899790000000166231100005000000003490853
060000150000000000000000021280000000000305466899790000000012606480004000000000132368
060000150000000000000000021380000000000305466899790000000039834810005000000000836531
060000150000000000000000021480000000000305466899790000000096785860005000000002032503
060000150000000000000000021580000000000305466899790000000091339190005000000001918123
060000150000000000000000021680000000000305466899790000000039337760005000000000826093
060000150000000000000000021780000000000305466899790000000081913290005000000001720179
060000150000000000000000021880000000000305466899790000000042608000005000000000894768
060000150000000000000000021980000000000305466899790000000078803100005000000001654865
060000150000000000000000022080000000000305466899790000000018849860005000000000395847
060000150000000000000000022180000000000305466899790000000037699760005000000000791695
060000150000000000000000022280000000000305466899790000000070903140005000000001488966
060000150000000000000000022380000000000305466899790000000097491760005000000002047327
060000150000000000000000022480000000000305466899790000000085080860005000000001786698
060000150000000000000000022580000000000305466899790000001143299240004000000012004642
